vtn -0.078101 0.069638 0.057783 0.625 0 -1 -0 0
vtn -0.078101 1.98626 -0.079728 0.375 0.25 -1 -0 0
vtn -0.078101 0.069638 -0.079728 0.375 0 -1 -0 0
vtn -0.078101 1.98626 0.057783 0.625 0.25 0 1 0
vtn 0.05941 1.98626 -0.079728 0.375 0.5 0 1 0
vtn -0.078101 1.98626 -0.079728 0.375 0.25 0 1 0
vtn 0.05941 1.98626 0.057783 0.625 0.5 1 -0 0
vtn 0.05941 0.069638 -0.079728 0.375 0.75 1 -0 0
vtn 0.05941 1.98626 -0.079728 0.375 0.5 1 -0 0
vtn 0.05941 0.069638 0.057783 0.625 0.75 0 -1 0
vtn -0.078101 0.069638 -0.079728 0.375 1 0 -1 0
vtn 0.05941 0.069638 -0.079728 0.375 0.75 0 -1 0
vtn 0.05941 1.98626 -0.079728 0.375 0.5 0 0 -1
vtn -0.078101 0.069638 -0.079728 0.125 0.75 0 0 -1
vtn -0.078101 1.98626 -0.079728 0.125 0.5 0 0 -1
vtn -0.078101 1.98626 0.057783 0.875 0.5 0 -0 1
vtn 0.05941 0.069638 0.057783 0.625 0.75 0 -0 1
vtn 0.05941 1.98626 0.057783 0.625 0.5 0 -0 1
vtn -0.068756 0.068756 -0.074946 0.625 0 -1 -0 0
vtn -0.068756 -0.068756 -1.99156 0.375 0.25 -1 -0 0
vtn -0.068756 -0.068756 -0.074946 0.375 0 -1 -0 0
vtn -0.068756 0.068756 -1.99156 0.625 0.25 0 0 -1
vtn 0.068756 -0.068756 -1.99156 0.375 0.5 0 0 -1
vtn -0.068756 -0.068756 -1.99156 0.375 0.25 0 0 -1
vtn 0.068756 0.068756 -1.99156 0.625 0.5 1 -0 0
vtn 0.068756 -0.068756 -0.074946 0.375 0.75 1 -0 0
vtn 0.068756 -0.068756 -1.99156 0.375 0.5 1 -0 0
vtn 0.068756 0.068756 -0.074946 0.625 0.75 0 -0 1
vtn -0.068756 -0.068756 -0.074946 0.375 1 0 -0 1
vtn 0.068756 -0.068756 -0.074946 0.375 0.75 0 -0 1
vtn 0.068756 -0.068756 -1.99156 0.375 0.5 0 -1 0
vtn -0.068756 -0.068756 -0.074946 0.125 0.75 0 -1 0
vtn -0.068756 -0.068756 -1.99156 0.125 0.5 0 -1 0
vtn -0.068756 0.068756 -1.99156 0.875 0.5 0 1 0
vtn 0.068756 0.068756 -0.074946 0.625 0.75 0 1 0
vtn 0.068756 0.068756 -1.99156 0.625 0.5 0 1 0
vtn 1.97728 0.068756 0.056754 0.625 0 0 -0 1
vtn 0.060658 -0.068756 0.056755 0.375 0.25 0 -0 1
vtn 1.97728 -0.068756 0.056754 0.375 0 0 -0 1
vtn 0.060658 0.068756 0.056755 0.625 0.25 -1 -0 0
vtn 0.060658 -0.068756 -0.080757 0.375 0.5 -1 -0 0
vtn 0.060658 -0.068756 0.056755 0.375 0.25 -1 -0 0
vtn 0.060658 0.068756 -0.080757 0.625 0.5 0 0 -1
vtn 1.97728 -0.068756 -0.080757 0.375 0.75 0 0 -1
vtn 0.060658 -0.068756 -0.080757 0.375 0.5 0 0 -1
vtn 1.97728 -0.068756 -0.080757 0.375 0.75 1 -0 0
vtn 1.97728 0.068756 0.056754 0.625 1 1 -0 0
vtn 1.97728 -0.068756 0.056754 0.375 1 1 -0 0
vtn 0.060658 -0.068756 -0.080757 0.375 0.5 0 -1 0
vtn 1.97728 -0.068756 0.056754 0.125 0.75 0 -1 0
vtn 0.060658 -0.068756 0.056755 0.125 0.5 0 -1 0
vtn 0.060658 0.068756 0.056755 0.875 0.5 0 1 0
vtn 1.97728 0.068756 -0.080757 0.625 0.75 0 1 0
vtn 0.060658 0.068756 -0.080757 0.625 0.5 0 1 0
vtn -0.078101 0.069638 0.057783 0.625 0 -1 -0 0
vtn -0.078101 1.98626 0.057783 0.625 0.25 -1 -0 0
vtn -0.078101 1.98626 -0.079728 0.375 0.25 -1 -0 0
vtn -0.078101 1.98626 0.057783 0.625 0.25 0 1 0
vtn 0.05941 1.98626 0.057783 0.625 0.5 0 1 0
vtn 0.05941 1.98626 -0.079728 0.375 0.5 0 1 0
vtn 0.05941 1.98626 0.057783 0.625 0.5 1 -0 0
vtn 0.05941 0.069638 0.057783 0.625 0.75 1 -0 0
vtn 0.05941 0.069638 -0.079728 0.375 0.75 1 -0 0
vtn 0.05941 0.069638 0.057783 0.625 0.75 0 -1 0
vtn -0.078101 0.069638 0.057783 0.625 1 0 -1 0
vtn -0.078101 0.069638 -0.079728 0.375 1 0 -1 0
vtn 0.05941 1.98626 -0.079728 0.375 0.5 0 0 -1
vtn 0.05941 0.069638 -0.079728 0.375 0.75 0 0 -1
vtn -0.078101 0.069638 -0.079728 0.125 0.75 0 0 -1
vtn -0.078101 1.98626 0.057783 0.875 0.5 0 -0 1
vtn -0.078101 0.069638 0.057783 0.875 0.75 0 -0 1
vtn 0.05941 0.069638 0.057783 0.625 0.75 0 -0 1
vtn -0.068756 0.068756 -0.074946 0.625 0 -1 -0 0
vtn -0.068756 0.068756 -1.99156 0.625 0.25 -1 -0 0
vtn -0.068756 -0.068756 -1.99156 0.375 0.25 -1 -0 0
vtn -0.068756 0.068756 -1.99156 0.625 0.25 0 0 -1
vtn 0.068756 0.068756 -1.99156 0.625 0.5 0 0 -1
vtn 0.068756 -0.068756 -1.99156 0.375 0.5 0 0 -1
vtn 0.068756 0.068756 -1.99156 0.625 0.5 1 -0 0
vtn 0.068756 0.068756 -0.074946 0.625 0.75 1 -0 0
vtn 0.068756 -0.068756 -0.074946 0.375 0.75 1 -0 0
vtn 0.068756 0.068756 -0.074946 0.625 0.75 0 -0 1
vtn -0.068756 0.068756 -0.074946 0.625 1 0 -0 1
vtn -0.068756 -0.068756 -0.074946 0.375 1 0 -0 1
vtn 0.068756 -0.068756 -1.99156 0.375 0.5 0 -1 0
vtn 0.068756 -0.068756 -0.074946 0.375 0.75 0 -1 0
vtn -0.068756 -0.068756 -0.074946 0.125 0.75 0 -1 0
vtn -0.068756 0.068756 -1.99156 0.875 0.5 0 1 0
vtn -0.068756 0.068756 -0.074946 0.875 0.75 0 1 0
vtn 0.068756 0.068756 -0.074946 0.625 0.75 0 1 0
vtn 1.97728 0.068756 0.056754 0.625 0 0 -0 1
vtn 0.060658 0.068756 0.056755 0.625 0.25 0 -0 1
vtn 0.060658 -0.068756 0.056755 0.375 0.25 0 -0 1
vtn 0.060658 0.068756 0.056755 0.625 0.25 -1 -0 0
vtn 0.060658 0.068756 -0.080757 0.625 0.5 -1 -0 0
vtn 0.060658 -0.068756 -0.080757 0.375 0.5 -1 -0 0
vtn 0.060658 0.068756 -0.080757 0.625 0.5 0 0 -1
vtn 1.97728 0.068756 -0.080757 0.625 0.75 0 0 -1
vtn 1.97728 -0.068756 -0.080757 0.375 0.75 0 0 -1
vtn 1.97728 -0.068756 -0.080757 0.375 0.75 1 -0 0
vtn 1.97728 0.068756 -0.080757 0.625 0.75 1 -0 0
vtn 1.97728 0.068756 0.056754 0.625 1 1 -0 0
vtn 0.060658 -0.068756 -0.080757 0.375 0.5 0 -1 0
vtn 1.97728 -0.068756 -0.080757 0.375 0.75 0 -1 0
vtn 1.97728 -0.068756 0.056754 0.125 0.75 0 -1 0
vtn 0.060658 0.068756 0.056755 0.875 0.5 0 1 0
vtn 1.97728 0.068756 0.056754 0.875 0.75 0 1 0
vtn 1.97728 0.068756 -0.080757 0.625 0.75 0 1 0
