vtn -7.79316 13.4014 12.8355 0.874696 0.237659 -0.048 -0.3695 0.928
vtn -9.51013 11.3451 11.928 0.568637 0.188981 -0.048 -0.3695 0.928
vtn -7.52985 11.5548 12.1139 0.689749 0.004034 -0.048 -0.3695 0.928
vtn -9.77343 13.1917 12.6497 0.753585 0.422606 -0.9901 -0.1049 -0.0929
vtn -9.41421 12.0841 10.072 0.447526 0.373928 -0.9901 -0.1049 -0.0929
vtn -9.51013 11.3451 11.928 0.568637 0.188981 -0.9901 -0.1049 -0.0929
vtn -9.67751 13.9307 10.7937 0.632474 0.607553 0.048 0.3695 -0.928
vtn -7.43394 12.2938 10.2579 0.326415 0.558875 0.048 0.3695 -0.928
vtn -9.41421 12.0841 10.072 0.447526 0.373928 0.048 0.3695 -0.928
vtn -7.69724 14.1404 10.9795 0.511362 0.7925 0.9901 0.1049 0.0929
vtn -7.52985 11.5548 12.1139 0.205304 0.743823 0.9901 0.1049 0.0929
vtn -7.43394 12.2938 10.2579 0.326415 0.558875 0.9901 0.1049 0.0929
vtn -9.41421 12.0841 10.072 0.447526 0.373928 0.1317 -0.9233 -0.3608
vtn -7.52985 11.5548 12.1139 0.141468 0.325251 0.1317 -0.9233 -0.3608
vtn -9.51013 11.3451 11.928 0.262579 0.140304 0.1317 -0.9233 -0.3608
vtn -9.77343 13.1917 12.6497 0.817421 0.841178 -0.1316 0.9233 0.3608
vtn -7.69724 14.1404 10.9795 0.511362 0.7925 -0.1316 0.9233 0.3608
vtn -9.67751 13.9307 10.7937 0.632474 0.607553 -0.1316 0.9233 0.3608
vtn -7.6145 10.9711 13.582 0.874696 0.237659 -0.048 -0.3695 0.928
vtn -9.33147 8.91482 12.6745 0.568637 0.188981 -0.048 -0.3695 0.928
vtn -7.3512 9.12455 12.8604 0.689749 0.004034 -0.048 -0.3695 0.928
vtn -9.59477 10.7614 13.3962 0.753585 0.422606 -0.9901 -0.1049 -0.0929
vtn -9.23556 9.65383 10.8185 0.447526 0.373928 -0.9901 -0.1049 -0.0929
vtn -9.33147 8.91482 12.6745 0.568637 0.188981 -0.9901 -0.1049 -0.0929
vtn -9.49886 11.5004 11.5402 0.632474 0.607553 0.048 0.3695 -0.928
vtn -7.25528 9.86356 11.0044 0.326415 0.558875 0.048 0.3695 -0.928
vtn -9.23556 9.65383 10.8185 0.447526 0.373928 0.048 0.3695 -0.928
vtn -7.51859 11.7101 11.7261 0.511362 0.7925 0.9901 0.1049 0.0929
vtn -7.3512 9.12455 12.8604 0.205304 0.743823 0.9901 0.1049 0.0929
vtn -7.25528 9.86356 11.0044 0.326415 0.558875 0.9901 0.1049 0.0929
vtn -9.23556 9.65383 10.8185 0.447526 0.373928 0.1316 -0.9233 -0.3608
vtn -7.3512 9.12455 12.8604 0.141468 0.325251 0.1316 -0.9233 -0.3608
vtn -9.33147 8.91482 12.6745 0.262579 0.140304 0.1316 -0.9233 -0.3608
vtn -9.59477 10.7614 13.3962 0.817421 0.841178 -0.1316 0.9233 0.3608
vtn -7.51859 11.7101 11.7261 0.511362 0.7925 -0.1316 0.9233 0.3608
vtn -9.49886 11.5004 11.5402 0.632474 0.607553 -0.1316 0.9233 0.3608
vtn -7.47063 12.0796 10.7981 0.874696 0.237659 -0.048 -0.3695 0.928
vtn -9.1876 10.0233 9.89061 0.568637 0.188981 -0.048 -0.3695 0.928
vtn -7.20733 10.233 10.0765 0.689749 0.004034 -0.048 -0.3695 0.928
vtn -9.4509 11.8699 10.6123 0.753585 0.422606 -0.9901 -0.1049 -0.0929
vtn -9.09168 10.7623 8.03462 0.447526 0.373928 -0.9901 -0.1049 -0.0929
vtn -9.1876 10.0233 9.89061 0.568637 0.188981 -0.9901 -0.1049 -0.0929
vtn -9.35498 12.6089 8.75628 0.632474 0.607553 0.048 0.3695 -0.928
vtn -7.11141 10.972 8.22048 0.326415 0.558875 0.048 0.3695 -0.928
vtn -9.09168 10.7623 8.03462 0.447526 0.373928 0.048 0.3695 -0.928
vtn -7.37471 12.8186 8.94213 0.511362 0.7925 0.9901 0.1049 0.0929
vtn -7.20733 10.233 10.0765 0.205304 0.743823 0.9901 0.1049 0.0929
vtn -7.11141 10.972 8.22048 0.326415 0.558875 0.9901 0.1049 0.0929
vtn -9.09168 10.7623 8.03462 0.447526 0.373928 0.1317 -0.9233 -0.3608
vtn -7.20733 10.233 10.0765 0.141468 0.325251 0.1317 -0.9233 -0.3608
vtn -9.1876 10.0233 9.89061 0.262579 0.140304 0.1317 -0.9233 -0.3608
vtn -9.4509 11.8699 10.6123 0.817421 0.841178 -0.1316 0.9233 0.3608
vtn -7.37471 12.8186 8.94213 0.511362 0.7925 -0.1316 0.9233 0.3608
vtn -9.35498 12.6089 8.75628 0.632474 0.607553 -0.1316 0.9233 0.3608
vtn -7.78865 12.7185 7.91666 0.689749 0.004034 -0.0008 0.553 0.8332
vtn -10.031 14.1538 6.96176 0.753585 0.422606 -0.0008 0.553 0.8332
vtn -9.77178 12.5016 8.05861 0.568637 0.188981 -0.0008 0.553 0.8332
vtn -10.031 14.1538 6.96176 0.753585 0.422606 -0.9916 -0.1084 0.071
vtn -9.7701 11.3956 6.39224 0.447526 0.373928 -0.9916 -0.1084 0.071
vtn -9.77178 12.5016 8.05861 0.568637 0.188981 -0.9916 -0.1084 0.071
vtn -9.7701 11.3956 6.39224 0.447526 0.373928 0.0008 -0.553 -0.8332
vtn -8.04617 13.2647 5.15344 0.511362 0.7925 0.0008 -0.553 -0.8332
vtn -7.78697 11.6125 6.25029 0.326415 0.558875 0.0008 -0.553 -0.8332
vtn -7.78697 11.6125 6.25029 0.326415 0.558875 0.9916 0.1084 -0.071
vtn -8.04785 14.3706 6.81981 0.390251 0.977447 0.9916 0.1084 -0.071
vtn -7.78865 12.7185 7.91666 0.205304 0.743823 0.9916 0.1084 -0.071
vtn -9.7701 11.3956 6.39224 0.447526 0.373928 0.1296 -0.8261 0.5484
vtn -7.78865 12.7185 7.91666 0.141468 0.325251 0.1296 -0.8261 0.5484
vtn -9.77178 12.5016 8.05861 0.262579 0.140304 0.1296 -0.8261 0.5484
vtn -10.031 14.1538 6.96176 0.817421 0.841178 -0.1296 0.8261 -0.5484
vtn -8.04617 13.2647 5.15344 0.511362 0.7925 -0.1296 0.8261 -0.5484
vtn -10.0293 13.0478 5.29539 0.632474 0.607553 -0.1296 0.8261 -0.5484
vtn -7.53956 11.9419 10.3313 0.689749 0.004034 -0.0008 0.553 0.8332
vtn -9.78189 13.3772 9.37636 0.753585 0.422606 -0.0008 0.553 0.8332
vtn -9.52269 11.725 10.4732 0.568637 0.188981 -0.0008 0.553 0.8332
vtn -9.78189 13.3772 9.37636 0.753585 0.422606 -0.9916 -0.1084 0.071
vtn -9.52101 10.619 8.80684 0.447526 0.373928 -0.9916 -0.1084 0.071
vtn -9.52269 11.725 10.4732 0.568637 0.188981 -0.9916 -0.1084 0.071
vtn -9.78021 12.2712 7.71 0.632474 0.607553 0.0008 -0.553 -0.8332
vtn -7.53788 10.8359 8.6649 0.326415 0.558875 0.0008 -0.553 -0.8332
vtn -9.52101 10.619 8.80684 0.447526 0.373928 0.0008 -0.553 -0.8332
vtn -7.53788 10.8359 8.6649 0.326415 0.558875 0.9916 0.1084 -0.071
vtn -7.79876 13.5941 9.23441 0.390251 0.977447 0.9916 0.1084 -0.071
vtn -7.53956 11.9419 10.3313 0.205304 0.743823 0.9916 0.1084 -0.071
vtn -9.52101 10.619 8.80684 0.447526 0.373928 0.1296 -0.8261 0.5484
vtn -7.53956 11.9419 10.3313 0.141468 0.325251 0.1296 -0.8261 0.5484
vtn -9.52269 11.725 10.4732 0.262579 0.140304 0.1296 -0.8261 0.5484
vtn -9.78189 13.3772 9.37636 0.817421 0.841178 -0.1296 0.8261 -0.5484
vtn -7.79708 12.4881 7.56805 0.511362 0.7925 -0.1296 0.8261 -0.5484
vtn -9.78021 12.2712 7.71 0.632474 0.607553 -0.1296 0.8261 -0.5484
vtn -7.53703 10.283 7.83176 0.689749 0.004034 -0.0008 0.553 0.8332
vtn -9.77937 11.7183 6.87686 0.753585 0.422606 -0.0008 0.553 0.8332
vtn -9.52017 10.0661 7.97371 0.568637 0.188981 -0.0008 0.553 0.8332
vtn -9.77937 11.7183 6.87686 0.753585 0.422606 -0.9916 -0.1084 0.071
vtn -9.51849 8.96009 6.30734 0.447526 0.373928 -0.9916 -0.1084 0.071
vtn -9.52017 10.0661 7.97371 0.568637 0.188981 -0.9916 -0.1084 0.071
vtn -9.51849 8.96009 6.30734 0.447526 0.373928 0.0008 -0.553 -0.8332
vtn -7.79456 10.8292 5.06854 0.511362 0.7925 0.0008 -0.553 -0.8332
vtn -7.53535 9.17697 6.16539 0.326415 0.558875 0.0008 -0.553 -0.8332
vtn -7.53535 9.17697 6.16539 0.326415 0.558875 0.9916 0.1084 -0.071
vtn -7.79624 11.9352 6.73491 0.390251 0.977447 0.9916 0.1084 -0.071
vtn -7.53703 10.283 7.83176 0.205304 0.743823 0.9916 0.1084 -0.071
vtn -9.52017 10.0661 7.97371 0.262579 0.140304 0.1296 -0.8261 0.5484
vtn -7.53535 9.17697 6.16539 0.326415 0.558875 0.1296 -0.8261 0.5484
vtn -7.53703 10.283 7.83176 0.141468 0.325251 0.1296 -0.8261 0.5484
vtn -9.77937 11.7183 6.87686 0.817421 0.841178 -0.1296 0.8261 -0.5484
vtn -7.79456 10.8292 5.06854 0.511362 0.7925 -0.1296 0.8261 -0.5484
vtn -9.77769 10.6123 5.21049 0.632474 0.607553 -0.1296 0.8261 -0.5484
vtn -8.84534 13.8334 5.58905 0.874696 0.237659 0.0199 0.1572 -0.9874
vtn -10.9624 15.6918 5.84226 0.568637 0.188981 0.0199 0.1572 -0.9874
vtn -8.96649 15.8052 5.90053 0.689749 0.004034 0.0199 0.1572 -0.9874
vtn -10.8413 13.7199 5.53078 0.753585 0.422606 -0.998 -0.0567 -0.0291
vtn -11.0022 15.3774 7.81699 0.447526 0.373928 -0.998 -0.0567 -0.0291
vtn -10.9624 15.6918 5.84226 0.568637 0.188981 -0.998 -0.0567 -0.0291
vtn -11.0022 15.3774 7.81699 0.447526 0.373928 -0.0199 -0.1572 0.9874
vtn -8.88513 13.519 7.56379 0.511362 0.7925 -0.0199 -0.1572 0.9874
vtn -9.00627 15.4909 7.87526 0.326415 0.558875 -0.0199 -0.1572 0.9874
vtn -8.88513 13.519 7.56379 0.511362 0.7925 0.998 0.0567 0.0291
vtn -8.96649 15.8052 5.90053 0.205304 0.743823 0.998 0.0567 0.0291
vtn -9.00627 15.4909 7.87526 0.326415 0.558875 0.998 0.0567 0.0291
vtn -11.0022 15.3774 7.81699 0.447526 0.373928 -0.0606 0.9859 0.1557
vtn -8.96649 15.8052 5.90053 0.141468 0.325251 -0.0606 0.9859 0.1557
vtn -10.9624 15.6918 5.84226 0.262579 0.140304 -0.0606 0.9859 0.1557
vtn -10.8811 13.4056 7.50552 0.632474 0.607553 0.0606 -0.9859 -0.1557
vtn -8.84534 13.8334 5.58905 0.69631 1.02612 0.0606 -0.9859 -0.1557
vtn -8.88513 13.519 7.56379 0.511362 0.7925 0.0606 -0.9859 -0.1557
vtn -9.06461 18.0234 4.64924 0.689749 0.004034 0.0199 0.1572 -0.9874
vtn -10.9394 15.9381 4.2795 0.753585 0.422606 0.0199 0.1572 -0.9874
vtn -11.0605 17.9099 4.59098 0.568637 0.188981 0.0199 0.1572 -0.9874
vtn -11.0605 17.9099 4.59098 0.568637 0.188981 -0.998 -0.0567 -0.0291
vtn -10.9792 15.6237 6.25424 0.632474 0.607553 -0.998 -0.0567 -0.0291
vtn -11.1003 17.5956 6.56571 0.447526 0.373928 -0.998 -0.0567 -0.0291
vtn -11.1003 17.5956 6.56571 0.447526 0.373928 -0.0199 -0.1572 0.9874
vtn -8.98325 15.7371 6.3125 0.511362 0.7925 -0.0199 -0.1572 0.9874
vtn -9.10439 17.709 6.62398 0.326415 0.558875 -0.0199 -0.1572 0.9874
vtn -8.98325 15.7371 6.3125 0.511362 0.7925 0.998 0.0567 0.0291
vtn -9.06461 18.0234 4.64924 0.205304 0.743823 0.998 0.0567 0.0291
vtn -9.10439 17.709 6.62398 0.326415 0.558875 0.998 0.0567 0.0291
vtn -11.1003 17.5956 6.56571 0.447526 0.373928 -0.0606 0.9859 0.1557
vtn -9.06461 18.0234 4.64924 0.141468 0.325251 -0.0606 0.9859 0.1557
vtn -11.0605 17.9099 4.59098 0.262579 0.140304 -0.0606 0.9859 0.1557
vtn -10.9792 15.6237 6.25424 0.632474 0.607553 0.0606 -0.9859 -0.1557
vtn -8.94346 16.0515 4.33777 0.69631 1.02612 0.0606 -0.9859 -0.1557
vtn -8.98325 15.7371 6.3125 0.511362 0.7925 0.0606 -0.9859 -0.1557
vtn -9.00314 15.5799 7.29982 0.874696 0.237659 0.0199 0.1572 -0.9874
vtn -11.1202 17.4384 7.55303 0.568637 0.188981 0.0199 0.1572 -0.9874
vtn -9.12428 17.5518 7.6113 0.689749 0.004034 0.0199 0.1572 -0.9874
vtn -10.9991 15.4665 7.24155 0.753585 0.422606 -0.998 -0.0567 -0.0291
vtn -11.16 17.124 9.52776 0.447526 0.373928 -0.998 -0.0567 -0.0291
vtn -11.1202 17.4384 7.55303 0.568637 0.188981 -0.998 -0.0567 -0.0291
vtn -11.0389 15.1521 9.21629 0.632474 0.607553 -0.0199 -0.1572 0.9874
vtn -9.16407 17.2374 9.58603 0.326415 0.558875 -0.0199 -0.1572 0.9874
vtn -11.16 17.124 9.52776 0.447526 0.373928 -0.0199 -0.1572 0.9874
vtn -9.16407 17.2374 9.58603 0.326415 0.558875 0.998 0.0567 0.0291
vtn -9.00314 15.5799 7.29982 0.390251 0.977447 0.998 0.0567 0.0291
vtn -9.12428 17.5518 7.6113 0.205304 0.743823 0.998 0.0567 0.0291
vtn -11.1202 17.4384 7.55303 0.262579 0.140304 -0.0606 0.9859 0.1557
vtn -9.16407 17.2374 9.58603 0.326415 0.558875 -0.0606 0.9859 0.1557
vtn -9.12428 17.5518 7.6113 0.141468 0.325251 -0.0606 0.9859 0.1557
vtn -10.9991 15.4665 7.24155 0.817421 0.841178 0.0606 -0.9859 -0.1557
vtn -9.04292 15.2656 9.27456 0.511362 0.7925 0.0606 -0.9859 -0.1557
vtn -11.0389 15.1521 9.21629 0.632474 0.607553 0.0606 -0.9859 -0.1557
vtn -8.48434 15.613 11.2889 0.689749 0.004034 0.0123 -0.2576 0.9662
vtn -11.2961 15.8987 11.4008 0.753585 0.422606 0.0123 -0.2576 0.9662
vtn -10.0427 14.3968 10.9844 0.568637 0.188981 0.0123 -0.2576 0.9662
vtn -11.2961 15.8987 11.4008 0.753585 0.422606 -0.7792 -0.6081 -0.1523
vtn -10.0672 14.9121 9.05207 0.447526 0.373928 -0.7792 -0.6081 -0.1523
vtn -10.0427 14.3968 10.9844 0.568637 0.188981 -0.7792 -0.6081 -0.1523
vtn -10.0672 14.9121 9.05207 0.447526 0.373928 -0.0123 0.2576 -0.9662
vtn -9.76229 17.6301 9.77298 0.511362 0.7925 -0.0123 0.2576 -0.9662
vtn -8.50887 16.1282 9.35658 0.326415 0.558875 -0.0123 0.2576 -0.9662
vtn -9.76229 17.6301 9.77298 0.511362 0.7925 0.7792 0.6081 0.1523
vtn -8.48434 15.613 11.2889 0.205304 0.743823 0.7792 0.6081 0.1523
vtn -8.50887 16.1282 9.35658 0.326415 0.558875 0.7792 0.6081 0.1523
vtn -10.0672 14.9121 9.05207 0.447526 0.373928 0.6267 -0.7509 -0.2082
vtn -8.48434 15.613 11.2889 0.141468 0.325251 0.6267 -0.7509 -0.2082
vtn -10.0427 14.3968 10.9844 0.262579 0.140304 0.6267 -0.7509 -0.2082
vtn -11.2961 15.8987 11.4008 0.817421 0.841178 -0.6267 0.7509 0.2082
vtn -9.76229 17.6301 9.77298 0.511362 0.7925 -0.6267 0.7509 0.2082
vtn -11.3206 16.414 9.46847 0.632474 0.607553 -0.6267 0.7509 0.2082
vtn -8.47288 15.2016 12.8167 0.874696 0.237659 0.0123 -0.2576 0.9662
vtn -8.77777 12.4836 12.0957 0.568637 0.188981 0.0123 -0.2576 0.9662
vtn -7.21946 13.6998 12.4002 0.689749 0.004034 0.0123 -0.2576 0.9662
vtn -10.0312 13.9855 12.5121 0.753585 0.422606 -0.7792 -0.6081 -0.1523
vtn -8.8023 12.9989 10.1634 0.447526 0.373928 -0.7792 -0.6081 -0.1523
vtn -8.77777 12.4836 12.0957 0.568637 0.188981 -0.7792 -0.6081 -0.1523
vtn -8.8023 12.9989 10.1634 0.447526 0.373928 -0.0123 0.2576 -0.9662
vtn -8.49741 15.7169 10.8843 0.511362 0.7925 -0.0123 0.2576 -0.9662
vtn -7.24399 14.215 10.4679 0.326415 0.558875 -0.0123 0.2576 -0.9662
vtn -7.24399 14.215 10.4679 0.326415 0.558875 0.7792 0.6081 0.1523
vtn -8.47288 15.2016 12.8167 0.390251 0.977447 0.7792 0.6081 0.1523
vtn -7.21946 13.6998 12.4002 0.205304 0.743823 0.7792 0.6081 0.1523
vtn -8.8023 12.9989 10.1634 0.447526 0.373928 0.6267 -0.7509 -0.2082
vtn -7.21946 13.6998 12.4002 0.141468 0.325251 0.6267 -0.7509 -0.2082
vtn -8.77777 12.4836 12.0957 0.262579 0.140304 0.6267 -0.7509 -0.2082
vtn -10.0312 13.9855 12.5121 0.817421 0.841178 -0.6267 0.7509 0.2082
vtn -8.49741 15.7169 10.8843 0.511362 0.7925 -0.6267 0.7509 0.2082
vtn -10.0557 14.5008 10.5798 0.632474 0.607553 -0.6267 0.7509 0.2082
vtn -7.25626 14.4727 9.50181 0.689749 0.004034 0.0123 -0.2576 0.9662
vtn -10.068 14.7584 9.61371 0.753585 0.422606 0.0123 -0.2576 0.9662
vtn -8.81457 13.2565 9.1973 0.568637 0.188981 0.0123 -0.2576 0.9662
vtn -10.068 14.7584 9.61371 0.753585 0.422606 -0.7792 -0.6081 -0.1523
vtn -8.83911 13.7718 7.26498 0.447526 0.373928 -0.7792 -0.6081 -0.1523
vtn -8.81457 13.2565 9.1973 0.568637 0.188981 -0.7792 -0.6081 -0.1523
vtn -10.0925 15.2737 7.68139 0.632474 0.607553 -0.0123 0.2576 -0.9662
vtn -7.2808 14.9879 7.56949 0.326415 0.558875 -0.0123 0.2576 -0.9662
vtn -8.83911 13.7718 7.26498 0.447526 0.373928 -0.0123 0.2576 -0.9662
vtn -7.2808 14.9879 7.56949 0.326415 0.558875 0.7792 0.6081 0.1523
vtn -8.50968 15.9745 9.91822 0.390251 0.977447 0.7792 0.6081 0.1523
vtn -7.25626 14.4727 9.50181 0.205304 0.743823 0.7792 0.6081 0.1523
vtn -8.83911 13.7718 7.26498 0.447526 0.373928 0.6267 -0.7509 -0.2082
vtn -7.25626 14.4727 9.50181 0.141468 0.325251 0.6267 -0.7509 -0.2082
vtn -8.81457 13.2565 9.1973 0.262579 0.140304 0.6267 -0.7509 -0.2082
vtn -10.0925 15.2737 7.68139 0.632474 0.607553 -0.6267 0.7509 0.2082
vtn -8.50968 15.9745 9.91822 0.69631 1.02612 -0.6267 0.7509 0.2082
vtn -8.53422 16.4898 7.98589 0.511362 0.7925 -0.6267 0.7509 0.2082
vtn -8.44647 15.9565 4.37111 0.874696 0.237659 -0.0215 -0.0575 0.9981
vtn -10.069 13.6458 4.20313 0.568637 0.188981 -0.0215 -0.0575 0.9981
vtn -8.09972 13.9897 4.26531 0.689749 0.004034 -0.0215 -0.0575 0.9981
vtn -10.4157 15.6127 4.30894 0.753585 0.422606 -0.9846 -0.1719 -0.0311
vtn -10.026 13.7608 2.2069 0.447526 0.373928 -0.9846 -0.1719 -0.0311
vtn -10.069 13.6458 4.20313 0.568637 0.188981 -0.9846 -0.1719 -0.0311
vtn -10.3728 15.7277 2.3127 0.632474 0.607553 0.0215 0.0575 -0.9981
vtn -8.05676 14.1046 2.26908 0.326415 0.558875 0.0215 0.0575 -0.9981
vtn -10.026 13.7608 2.2069 0.447526 0.373928 0.0215 0.0575 -0.9981
vtn -8.40351 16.0715 2.37488 0.511362 0.7925 0.9846 0.1719 0.0311
vtn -8.09972 13.9897 4.26531 0.205304 0.743823 0.9846 0.1719 0.0311
vtn -8.05676 14.1046 2.26908 0.326415 0.558875 0.9846 0.1719 0.0311
vtn -10.026 13.7608 2.2069 0.447526 0.373928 0.1734 -0.9834 -0.0529
vtn -8.09972 13.9897 4.26531 0.141468 0.325251 0.1734 -0.9834 -0.0529
vtn -10.069 13.6458 4.20313 0.262579 0.140304 0.1734 -0.9834 -0.0529
vtn -10.4157 15.6127 4.30894 0.817421 0.841178 -0.1734 0.9834 0.0529
vtn -8.40351 16.0715 2.37488 0.511362 0.7925 -0.1734 0.9834 0.0529
vtn -10.3728 15.7277 2.3127 0.632474 0.607553 -0.1734 0.9834 0.0529
vtn -7.79577 11.9323 5.73854 0.689749 0.004034 -0.0215 -0.0575 0.9981
vtn -10.1118 13.5554 5.78217 0.753585 0.422606 -0.0215 -0.0575 0.9981
vtn -9.76501 11.5885 5.67637 0.568637 0.188981 -0.0215 -0.0575 0.9981
vtn -10.1118 13.5554 5.78217 0.753585 0.422606 -0.9846 -0.1719 -0.0311
vtn -9.72205 11.7035 3.68014 0.447526 0.373928 -0.9846 -0.1719 -0.0311
vtn -9.76501 11.5885 5.67637 0.568637 0.188981 -0.9846 -0.1719 -0.0311
vtn -9.72205 11.7035 3.68014 0.447526 0.373928 0.0215 0.0575 -0.9981
vtn -8.09955 14.0142 3.84812 0.511362 0.7925 0.0215 0.0575 -0.9981
vtn -7.75281 12.0473 3.74231 0.326415 0.558875 0.0215 0.0575 -0.9981
vtn -8.09955 14.0142 3.84812 0.511362 0.7925 0.9846 0.1719 0.0311
vtn -7.79577 11.9323 5.73854 0.205304 0.743823 0.9846 0.1719 0.0311
vtn -7.75281 12.0473 3.74231 0.326415 0.558875 0.9846 0.1719 0.0311
vtn -9.72205 11.7035 3.68014 0.447526 0.373928 0.1734 -0.9834 -0.0529
vtn -7.79577 11.9323 5.73854 0.141468 0.325251 0.1734 -0.9834 -0.0529
vtn -9.76501 11.5885 5.67637 0.262579 0.140304 0.1734 -0.9834 -0.0529
vtn -10.1118 13.5554 5.78217 0.817421 0.841178 -0.1734 0.9834 0.0529
vtn -8.09955 14.0142 3.84812 0.511362 0.7925 -0.1734 0.9834 0.0529
vtn -10.0688 13.6703 3.78594 0.632474 0.607553 -0.1734 0.9834 0.0529
vtn -8.07807 14.0716 2.85006 0.874696 0.237659 -0.0215 -0.0575 0.9981
vtn -9.70057 11.7609 2.68208 0.568637 0.188981 -0.0215 -0.0575 0.9981
vtn -7.73133 12.1048 2.74426 0.689749 0.004034 -0.0215 -0.0575 0.9981
vtn -10.0473 13.7278 2.78788 0.753585 0.422606 -0.9846 -0.1719 -0.0311
vtn -9.65761 11.8759 0.685844 0.447526 0.373928 -0.9846 -0.1719 -0.0311
vtn -9.70057 11.7609 2.68208 0.568637 0.188981 -0.9846 -0.1719 -0.0311
vtn -10.0044 13.8428 0.791647 0.632474 0.607553 0.0215 0.0575 -0.9981
vtn -7.68837 12.2197 0.748023 0.326415 0.558875 0.0215 0.0575 -0.9981
vtn -9.65761 11.8759 0.685844 0.447526 0.373928 0.0215 0.0575 -0.9981
vtn -7.68837 12.2197 0.748023 0.326415 0.558875 0.9846 0.1719 0.0311
vtn -8.07807 14.0716 2.85006 0.390251 0.977447 0.9846 0.1719 0.0311
vtn -7.73133 12.1048 2.74426 0.205304 0.743823 0.9846 0.1719 0.0311
vtn -9.70057 11.7609 2.68208 0.262579 0.140304 0.1734 -0.9834 -0.0529
vtn -7.68837 12.2197 0.748023 0.326415 0.558875 0.1734 -0.9834 -0.0529
vtn -7.73133 12.1048 2.74426 0.141468 0.325251 0.1734 -0.9834 -0.0529
vtn -10.0473 13.7278 2.78788 0.817421 0.841178 -0.1734 0.9834 0.0529
vtn -8.03511 14.1866 0.853826 0.511362 0.7925 -0.1734 0.9834 0.0529
vtn -10.0044 13.8428 0.791647 0.632474 0.607553 -0.1734 0.9834 0.0529
vtn -8.3983 18.1402 2.94831 0.689749 0.004034 -0.0215 -0.0575 0.9981
vtn -10.7143 19.7632 2.99193 0.753585 0.422606 -0.0215 -0.0575 0.9981
vtn -10.3675 17.7963 2.88613 0.568637 0.188981 -0.0215 -0.0575 0.9981
vtn -10.7143 19.7632 2.99193 0.753585 0.422606 -0.9846 -0.1719 -0.0311
vtn -10.3246 17.9113 0.889896 0.447526 0.373928 -0.9846 -0.1719 -0.0311
vtn -10.3675 17.7963 2.88613 0.568637 0.188981 -0.9846 -0.1719 -0.0311
vtn -10.6713 19.8782 0.995699 0.632474 0.607553 0.0215 0.0575 -0.9981
vtn -8.35534 18.2551 0.952075 0.326415 0.558875 0.0215 0.0575 -0.9981
vtn -10.3246 17.9113 0.889896 0.447526 0.373928 0.0215 0.0575 -0.9981
vtn -8.35534 18.2551 0.952075 0.326415 0.558875 0.9846 0.1719 0.0311
vtn -8.74505 20.107 3.05411 0.390251 0.977447 0.9846 0.1719 0.0311
vtn -8.3983 18.1402 2.94831 0.205304 0.743823 0.9846 0.1719 0.0311
vtn -10.3246 17.9113 0.889896 0.447526 0.373928 0.1734 -0.9834 -0.0529
vtn -8.3983 18.1402 2.94831 0.141468 0.325251 0.1734 -0.9834 -0.0529
vtn -10.3675 17.7963 2.88613 0.262579 0.140304 0.1734 -0.9834 -0.0529
vtn -10.6713 19.8782 0.995699 0.632474 0.607553 -0.1734 0.9834 0.0529
vtn -8.74505 20.107 3.05411 0.69631 1.02612 -0.1734 0.9834 0.0529
vtn -8.70208 20.222 1.05788 0.511362 0.7925 -0.1734 0.9834 0.0529
vtn -8.09435 16.0828 4.42154 0.689749 0.004034 -0.0215 -0.0575 0.9981
vtn -10.4103 17.7059 4.46517 0.753585 0.422606 -0.0215 -0.0575 0.9981
vtn -10.0636 15.739 4.35936 0.568637 0.188981 -0.0215 -0.0575 0.9981
vtn -10.0636 15.739 4.35936 0.568637 0.188981 -0.9846 -0.1719 -0.0311
vtn -10.3674 17.8209 2.46894 0.632474 0.607553 -0.9846 -0.1719 -0.0311
vtn -10.0206 15.854 2.36313 0.447526 0.373928 -0.9846 -0.1719 -0.0311
vtn -10.3674 17.8209 2.46894 0.632474 0.607553 0.0215 0.0575 -0.9981
vtn -8.05139 16.1978 2.42531 0.326415 0.558875 0.0215 0.0575 -0.9981
vtn -10.0206 15.854 2.36313 0.447526 0.373928 0.0215 0.0575 -0.9981
vtn -8.05139 16.1978 2.42531 0.326415 0.558875 0.9846 0.1719 0.0311
vtn -8.44109 18.0497 4.52735 0.390251 0.977447 0.9846 0.1719 0.0311
vtn -8.09435 16.0828 4.42154 0.205304 0.743823 0.9846 0.1719 0.0311
vtn -10.0636 15.739 4.35936 0.262579 0.140304 0.1734 -0.9834 -0.0529
vtn -8.05139 16.1978 2.42531 0.326415 0.558875 0.1734 -0.9834 -0.0529
vtn -8.09435 16.0828 4.42154 0.141468 0.325251 0.1734 -0.9834 -0.0529
vtn -10.3674 17.8209 2.46894 0.632474 0.607553 -0.1734 0.9834 0.0529
vtn -8.44109 18.0497 4.52735 0.69631 1.02612 -0.1734 0.9834 0.0529
vtn -8.39813 18.1647 2.53111 0.511362 0.7925 -0.1734 0.9834 0.0529
vtn -8.37665 18.2221 1.53305 0.874696 0.237659 -0.0215 -0.0575 0.9981
vtn -9.99915 15.9115 1.36507 0.568637 0.188981 -0.0215 -0.0575 0.9981
vtn -8.02991 16.2553 1.42725 0.689749 0.004034 -0.0215 -0.0575 0.9981
vtn -10.3459 17.8783 1.47087 0.753585 0.422606 -0.9846 -0.1719 -0.0311
vtn -9.95619 16.0264 -0.631161 0.447526 0.373928 -0.9846 -0.1719 -0.0311
vtn -9.99915 15.9115 1.36507 0.568637 0.188981 -0.9846 -0.1719 -0.0311
vtn -10.3029 17.9933 -0.525356 0.632474 0.607553 0.0215 0.0575 -0.9981
vtn -7.98695 16.3702 -0.56898 0.326415 0.558875 0.0215 0.0575 -0.9981
vtn -9.95619 16.0264 -0.631161 0.447526 0.373928 0.0215 0.0575 -0.9981
vtn -7.98695 16.3702 -0.56898 0.326415 0.558875 0.9846 0.1719 0.0311
vtn -8.37665 18.2221 1.53305 0.390251 0.977447 0.9846 0.1719 0.0311
vtn -8.02991 16.2553 1.42725 0.205304 0.743823 0.9846 0.1719 0.0311
vtn -9.95619 16.0264 -0.631161 0.447526 0.373928 0.1734 -0.9834 -0.0529
vtn -8.02991 16.2553 1.42725 0.141468 0.325251 0.1734 -0.9834 -0.0529
vtn -9.99915 15.9115 1.36507 0.262579 0.140304 0.1734 -0.9834 -0.0529
vtn -10.3029 17.9933 -0.525356 0.632474 0.607553 -0.1734 0.9834 0.0529
vtn -8.37665 18.2221 1.53305 0.69631 1.02612 -0.1734 0.9834 0.0529
vtn -8.33369 18.3371 -0.463178 0.511362 0.7925 -0.1734 0.9834 0.0529
vtn -7.63039 14.9667 2.06902 0.874696 0.237659 0.2039 -0.7996 0.5649
vtn -9.21935 13.3598 0.368124 0.568637 0.188981 0.2039 -0.7996 0.5649
vtn -7.29102 13.8879 0.419471 0.689749 0.004034 0.2039 -0.7996 0.5649
vtn -9.21935 13.3598 0.368124 0.568637 0.188981 -0.9642 -0.2641 -0.0257
vtn -9.9666 16.0377 0.887925 0.632474 0.607553 -0.9642 -0.2641 -0.0257
vtn -9.62723 14.9589 -0.761628 0.447526 0.373928 -0.9642 -0.2641 -0.0257
vtn -9.9666 16.0377 0.887925 0.632474 0.607553 -0.2039 0.7996 -0.5649
vtn -7.6989 15.487 -0.710282 0.326415 0.558875 -0.2039 0.7996 -0.5649
vtn -9.62723 14.9589 -0.761628 0.447526 0.373928 -0.2039 0.7996 -0.5649
vtn -8.03827 16.5658 0.939273 0.511362 0.7925 0.9642 0.2641 0.0257
vtn -7.29102 13.8879 0.419471 0.205304 0.743823 0.9642 0.2641 0.0257
vtn -7.6989 15.487 -0.710282 0.326415 0.558875 0.9642 0.2641 0.0257
vtn -9.62723 14.9589 -0.761628 0.447526 0.373928 0.1697 -0.5394 -0.8248
vtn -7.29102 13.8879 0.419471 0.141468 0.325251 0.1697 -0.5394 -0.8248
vtn -9.21935 13.3598 0.368124 0.262579 0.140304 0.1697 -0.5394 -0.8248
vtn -9.55872 14.4386 2.01768 0.817421 0.841178 -0.1697 0.5394 0.8248
vtn -8.03827 16.5658 0.939273 0.511362 0.7925 -0.1697 0.5394 0.8248
vtn -9.9666 16.0377 0.887925 0.632474 0.607553 -0.1697 0.5394 0.8248
vtn -6.97698 12.6216 1.31464 0.874696 0.237659 0.2039 -0.7996 0.5649
vtn -8.56594 11.0147 -0.386262 0.568637 0.188981 0.2039 -0.7996 0.5649
vtn -6.63761 11.5428 -0.334916 0.689749 0.004034 0.2039 -0.7996 0.5649
vtn -8.56594 11.0147 -0.386262 0.568637 0.188981 -0.9642 -0.2641 -0.0257
vtn -9.31318 13.6927 0.133538 0.632474 0.607553 -0.9642 -0.2641 -0.0257
vtn -8.97381 12.6139 -1.51601 0.447526 0.373928 -0.9642 -0.2641 -0.0257
vtn -9.31318 13.6927 0.133538 0.632474 0.607553 -0.2039 0.7996 -0.5649
vtn -7.04548 13.142 -1.46467 0.326415 0.558875 -0.2039 0.7996 -0.5649
vtn -8.97381 12.6139 -1.51601 0.447526 0.373928 -0.2039 0.7996 -0.5649
vtn -7.38485 14.2208 0.184887 0.511362 0.7925 0.9642 0.2641 0.0257
vtn -6.63761 11.5428 -0.334916 0.205304 0.743823 0.9642 0.2641 0.0257
vtn -7.04548 13.142 -1.46467 0.326415 0.558875 0.9642 0.2641 0.0257
vtn -8.97381 12.6139 -1.51601 0.447526 0.373928 0.1697 -0.5394 -0.8248
vtn -6.63761 11.5428 -0.334916 0.141468 0.325251 0.1697 -0.5394 -0.8248
vtn -8.56594 11.0147 -0.386262 0.262579 0.140304 0.1697 -0.5394 -0.8248
vtn -8.90531 12.0935 1.26329 0.817421 0.841178 -0.1697 0.5394 0.8248
vtn -7.38485 14.2208 0.184887 0.511362 0.7925 -0.1697 0.5394 0.8248
vtn -9.31318 13.6927 0.133538 0.632474 0.607553 -0.1697 0.5394 0.8248
vtn -7.58878 15.0203 -0.379959 0.874696 0.237659 0.2039 -0.7996 0.5649
vtn -9.17774 13.4134 -2.08086 0.568637 0.188981 0.2039 -0.7996 0.5649
vtn -7.24941 13.9415 -2.02951 0.689749 0.004034 0.2039 -0.7996 0.5649
vtn -9.17774 13.4134 -2.08086 0.568637 0.188981 -0.9642 -0.2641 -0.0257
vtn -9.92498 16.0913 -1.56106 0.632474 0.607553 -0.9642 -0.2641 -0.0257
vtn -9.58561 15.0126 -3.21061 0.447526 0.373928 -0.9642 -0.2641 -0.0257
vtn -9.92498 16.0913 -1.56106 0.632474 0.607553 -0.2039 0.7996 -0.5649
vtn -7.65728 15.5407 -3.15926 0.326415 0.558875 -0.2039 0.7996 -0.5649
vtn -9.58561 15.0126 -3.21061 0.447526 0.373928 -0.2039 0.7996 -0.5649
vtn -7.99665 16.6195 -1.50971 0.511362 0.7925 0.9642 0.2641 0.0257
vtn -7.24941 13.9415 -2.02951 0.205304 0.743823 0.9642 0.2641 0.0257
vtn -7.65728 15.5407 -3.15926 0.326415 0.558875 0.9642 0.2641 0.0257
vtn -9.17774 13.4134 -2.08086 0.262579 0.140304 0.1697 -0.5394 -0.8248
vtn -7.65728 15.5407 -3.15926 0.326415 0.558875 0.1697 -0.5394 -0.8248
vtn -7.24941 13.9415 -2.02951 0.141468 0.325251 0.1697 -0.5394 -0.8248
vtn -9.51711 14.4922 -0.431305 0.817421 0.841178 -0.1697 0.5394 0.8248
vtn -7.99665 16.6195 -1.50971 0.511362 0.7925 -0.1697 0.5394 0.8248
vtn -9.92498 16.0913 -1.56106 0.632474 0.607553 -0.1697 0.5394 0.8248
vtn -9.86278 20.1143 6.72796 0.689749 0.004034 -0.3296 0.9428 -0.0502
vtn -10.9408 19.601 4.16392 0.753585 0.422606 -0.3296 0.9428 -0.0502
vtn -11.6234 19.4622 6.03872 0.568637 0.188981 -0.3296 0.9428 -0.0502
vtn -11.6234 19.4622 6.03872 0.568637 0.188981 -0.8803 -0.3261 -0.3446
vtn -10.2817 17.7154 4.2643 0.632474 0.607553 -0.8803 -0.3261 -0.3446
vtn -10.9642 17.5766 6.1391 0.447526 0.373928 -0.8803 -0.3261 -0.3446
vtn -10.2817 17.7154 4.2643 0.632474 0.607553 0.3296 -0.9428 0.0502
vtn -9.20365 18.2287 6.82834 0.326415 0.558875 0.3296 -0.9428 0.0502
vtn -10.9642 17.5766 6.1391 0.447526 0.373928 0.3296 -0.9428 0.0502
vtn -8.5211 18.3675 4.95355 0.511362 0.7925 0.8803 0.3261 0.3446
vtn -9.86278 20.1143 6.72796 0.205304 0.743823 0.8803 0.3261 0.3446
vtn -9.20365 18.2287 6.82834 0.326415 0.558875 0.8803 0.3261 0.3446
vtn -10.9642 17.5766 6.1391 0.447526 0.373928 -0.3413 -0.0694 0.9374
vtn -9.86278 20.1143 6.72796 0.141468 0.325251 -0.3413 -0.0694 0.9374
vtn -11.6234 19.4622 6.03872 0.262579 0.140304 -0.3413 -0.0694 0.9374
vtn -10.9408 19.601 4.16392 0.817421 0.841178 0.3413 0.0694 -0.9374
vtn -8.5211 18.3675 4.95355 0.511362 0.7925 0.3413 0.0694 -0.9374
vtn -10.2817 17.7154 4.2643 0.632474 0.607553 0.3413 0.0694 -0.9374
vtn -11.0736 21.4645 8.51851 0.689749 0.004034 -0.3296 0.9428 -0.0502
vtn -12.1517 20.9512 5.95447 0.753585 0.422606 -0.3296 0.9428 -0.0502
vtn -12.8342 20.8124 7.82927 0.568637 0.188981 -0.3296 0.9428 -0.0502
vtn -12.8342 20.8124 7.82927 0.568637 0.188981 -0.8803 -0.3261 -0.3446
vtn -11.4926 19.0656 6.05485 0.632474 0.607553 -0.8803 -0.3261 -0.3446
vtn -12.1751 18.9268 7.92965 0.447526 0.373928 -0.8803 -0.3261 -0.3446
vtn -11.4926 19.0656 6.05485 0.632474 0.607553 0.3296 -0.9428 0.0502
vtn -10.4145 19.5789 8.61889 0.326415 0.558875 0.3296 -0.9428 0.0502
vtn -12.1751 18.9268 7.92965 0.447526 0.373928 0.3296 -0.9428 0.0502
vtn -9.73196 19.7177 6.7441 0.511362 0.7925 0.8803 0.3261 0.3446
vtn -11.0736 21.4645 8.51851 0.205304 0.743823 0.8803 0.3261 0.3446
vtn -10.4145 19.5789 8.61889 0.326415 0.558875 0.8803 0.3261 0.3446
vtn -12.1751 18.9268 7.92965 0.447526 0.373928 -0.3413 -0.0694 0.9374
vtn -11.0736 21.4645 8.51851 0.141468 0.325251 -0.3413 -0.0694 0.9374
vtn -12.8342 20.8124 7.82927 0.262579 0.140304 -0.3413 -0.0694 0.9374
vtn -12.1517 20.9512 5.95447 0.817421 0.841178 0.3413 0.0694 -0.9374
vtn -9.73196 19.7177 6.7441 0.511362 0.7925 0.3413 0.0694 -0.9374
vtn -11.4926 19.0656 6.05485 0.632474 0.607553 0.3413 0.0694 -0.9374
vtn -9.40242 18.775 6.79428 0.874696 0.237659 -0.3296 0.9428 -0.0502
vtn -11.8456 17.9841 7.97984 0.568637 0.188981 -0.3296 0.9428 -0.0502
vtn -10.085 18.6362 8.66908 0.689749 0.004034 -0.3296 0.9428 -0.0502
vtn -11.8456 17.9841 7.97984 0.568637 0.188981 -0.8803 -0.3261 -0.3446
vtn -10.5039 16.2373 6.20542 0.632474 0.607553 -0.8803 -0.3261 -0.3446
vtn -11.1864 16.0985 8.08022 0.447526 0.373928 -0.8803 -0.3261 -0.3446
vtn -10.5039 16.2373 6.20542 0.632474 0.607553 0.3296 -0.9428 0.0502
vtn -9.42584 16.7506 8.76946 0.326415 0.558875 0.3296 -0.9428 0.0502
vtn -11.1864 16.0985 8.08022 0.447526 0.373928 0.3296 -0.9428 0.0502
vtn -9.42584 16.7506 8.76946 0.326415 0.558875 0.8803 0.3261 0.3446
vtn -9.40242 18.775 6.79428 0.390251 0.977447 0.8803 0.3261 0.3446
vtn -10.085 18.6362 8.66908 0.205304 0.743823 0.8803 0.3261 0.3446
vtn -11.1864 16.0985 8.08022 0.447526 0.373928 -0.3413 -0.0694 0.9374
vtn -10.085 18.6362 8.66908 0.141468 0.325251 -0.3413 -0.0694 0.9374
vtn -11.8456 17.9841 7.97984 0.262579 0.140304 -0.3413 -0.0694 0.9374
vtn -11.163 18.1229 6.10504 0.817421 0.841178 0.3413 0.0694 -0.9374
vtn -8.74329 16.8894 6.89466 0.511362 0.7925 0.3413 0.0694 -0.9374
vtn -10.5039 16.2373 6.20542 0.632474 0.607553 0.3413 0.0694 -0.9374
vtn -11.8 17.7078 13.7357 0.874696 0.237659 -0.5374 0.717 0.4439
vtn -10.7516 19.6132 11.9273 0.568637 0.188981 -0.5374 0.717 0.4439
vtn -12.3471 18.4073 11.9437 0.689749 0.004034 -0.5374 0.717 0.4439
vtn -10.2045 18.9137 13.7193 0.753585 0.422606 0.7977 0.6029 -0.0082
vtn -9.67684 18.1791 11.0394 0.447526 0.373928 0.7977 0.6029 -0.0082
vtn -10.7516 19.6132 11.9273 0.568637 0.188981 0.7977 0.6029 -0.0082
vtn -9.67684 18.1791 11.0394 0.447526 0.373928 0.5374 -0.717 -0.4439
vtn -10.7252 16.2737 12.8478 0.511362 0.7925 0.5374 -0.717 -0.4439
vtn -11.2723 16.9732 11.0558 0.326415 0.558875 0.5374 -0.717 -0.4439
vtn -11.2723 16.9732 11.0558 0.326415 0.558875 -0.7977 -0.6029 0.0082
vtn -11.8 17.7078 13.7357 0.390251 0.977447 -0.7977 -0.6029 0.0082
vtn -12.3471 18.4073 11.9437 0.205304 0.743823 -0.7977 -0.6029 0.0082
vtn -9.67684 18.1791 11.0394 0.447526 0.373928 -0.2735 0.3498 -0.896
vtn -12.3471 18.4073 11.9437 0.141468 0.325251 -0.2735 0.3498 -0.896
vtn -10.7516 19.6132 11.9273 0.262579 0.140304 -0.2735 0.3498 -0.896
vtn -9.12976 17.4796 12.8314 0.632474 0.607553 0.2735 -0.3498 0.896
vtn -11.8 17.7078 13.7357 0.69631 1.02612 0.2735 -0.3498 0.896
vtn -10.7252 16.2737 12.8478 0.511362 0.7925 0.2735 -0.3498 0.896
vtn -13.1899 19.5462 12.6478 0.874696 0.237659 -0.5374 0.717 0.4439
vtn -12.1415 21.4516 10.8394 0.568637 0.188981 -0.5374 0.717 0.4439
vtn -13.737 20.2457 10.8557 0.689749 0.004034 -0.5374 0.717 0.4439
vtn -12.1415 21.4516 10.8394 0.568637 0.188981 0.7977 0.6029 -0.0082
vtn -10.5197 19.3181 11.7435 0.632474 0.607553 0.7977 0.6029 -0.0082
vtn -11.0668 20.0176 9.95151 0.447526 0.373928 0.7977 0.6029 -0.0082
vtn -11.0668 20.0176 9.95151 0.447526 0.373928 0.5374 -0.717 -0.4439
vtn -12.1152 18.1122 11.7599 0.511362 0.7925 0.5374 -0.717 -0.4439
vtn -12.6622 18.8117 9.96786 0.326415 0.558875 0.5374 -0.717 -0.4439
vtn -12.1152 18.1122 11.7599 0.511362 0.7925 -0.7977 -0.6029 0.0082
vtn -13.737 20.2457 10.8557 0.205304 0.743823 -0.7977 -0.6029 0.0082
vtn -12.6622 18.8117 9.96786 0.326415 0.558875 -0.7977 -0.6029 0.0082
vtn -11.0668 20.0176 9.95151 0.447526 0.373928 -0.2735 0.3498 -0.896
vtn -13.737 20.2457 10.8557 0.141468 0.325251 -0.2735 0.3498 -0.896
vtn -12.1415 21.4516 10.8394 0.262579 0.140304 -0.2735 0.3498 -0.896
vtn -10.5197 19.3181 11.7435 0.632474 0.607553 0.2735 -0.3498 0.896
vtn -13.1899 19.5462 12.6478 0.69631 1.02612 0.2735 -0.3498 0.896
vtn -12.1152 18.1122 11.7599 0.511362 0.7925 0.2735 -0.3498 0.896
vtn -12.1249 18.0947 9.52394 0.689749 0.004034 -0.5374 0.717 0.4439
vtn -9.98232 18.6011 11.2996 0.753585 0.422606 -0.5374 0.717 0.4439
vtn -10.5294 19.3006 9.50759 0.568637 0.188981 -0.5374 0.717 0.4439
vtn -9.98232 18.6011 11.2996 0.753585 0.422606 0.7977 0.6029 -0.0082
vtn -9.45462 17.8666 8.6197 0.447526 0.373928 0.7977 0.6029 -0.0082
vtn -10.5294 19.3006 9.50759 0.568637 0.188981 0.7977 0.6029 -0.0082
vtn -9.45462 17.8666 8.6197 0.447526 0.373928 0.5374 -0.717 -0.4439
vtn -10.503 15.9612 10.4281 0.511362 0.7925 0.5374 -0.717 -0.4439
vtn -11.0501 16.6607 8.63605 0.326415 0.558875 0.5374 -0.717 -0.4439
vtn -11.0501 16.6607 8.63605 0.326415 0.558875 -0.7977 -0.6029 0.0082
vtn -11.5778 17.3952 11.316 0.390251 0.977447 -0.7977 -0.6029 0.0082
vtn -12.1249 18.0947 9.52394 0.205304 0.743823 -0.7977 -0.6029 0.0082
vtn -9.45462 17.8666 8.6197 0.447526 0.373928 -0.2735 0.3498 -0.896
vtn -12.1249 18.0947 9.52394 0.141468 0.325251 -0.2735 0.3498 -0.896
vtn -10.5294 19.3006 9.50759 0.262579 0.140304 -0.2735 0.3498 -0.896
vtn -9.98232 18.6011 11.2996 0.817421 0.841178 0.2735 -0.3498 0.896
vtn -10.503 15.9612 10.4281 0.511362 0.7925 0.2735 -0.3498 0.896
vtn -8.90754 17.167 10.4117 0.632474 0.607553 0.2735 -0.3498 0.896
vtn -12.2045 21.4403 2.64253 0.874696 0.237659 -0.4073 -0.5218 0.7496
vtn -9.93119 19.7587 2.70706 0.568637 0.188981 -0.4073 -0.5218 0.7496
vtn -10.4544 21.4646 3.61037 0.689749 0.004034 -0.4073 -0.5218 0.7496
vtn -11.6812 19.7344 1.73922 0.753585 0.422606 0.2616 -0.853 -0.4517
vtn -9.11662 20.8023 1.20796 0.447526 0.373928 0.2616 -0.853 -0.4517
vtn -9.93119 19.7587 2.70706 0.568637 0.188981 0.2616 -0.853 -0.4517
vtn -9.11662 20.8023 1.20796 0.447526 0.373928 0.4073 0.5218 -0.7495
vtn -11.3899 22.4839 1.14342 0.511362 0.7925 0.4073 0.5218 -0.7495
vtn -9.63988 22.5082 2.11127 0.326415 0.558875 0.4073 0.5218 -0.7495
vtn -9.63988 22.5082 2.11127 0.326415 0.558875 -0.2616 0.853 0.4517
vtn -12.2045 21.4403 2.64253 0.390251 0.977447 -0.2616 0.853 0.4517
vtn -10.4544 21.4646 3.61037 0.205304 0.743823 -0.2616 0.853 0.4517
vtn -9.11662 20.8023 1.20796 0.447526 0.373928 0.875 0.0122 0.4839
vtn -10.4544 21.4646 3.61037 0.141468 0.325251 0.875 0.0122 0.4839
vtn -9.93119 19.7587 2.70706 0.262579 0.140304 0.875 0.0122 0.4839
vtn -11.6812 19.7344 1.73922 0.817421 0.841178 -0.875 -0.0121 -0.4839
vtn -11.3899 22.4839 1.14342 0.511362 0.7925 -0.875 -0.0121 -0.4839
vtn -10.8667 20.778 0.240114 0.632474 0.607553 -0.875 -0.0121 -0.4839
vtn -9.3483 20.6559 5.7593 0.689749 0.004034 -0.4073 -0.5218 0.7496
vtn -10.5751 18.9257 3.88814 0.753585 0.422606 -0.4073 -0.5218 0.7496
vtn -8.82504 18.95 4.85599 0.568637 0.188981 -0.4073 -0.5218 0.7496
vtn -8.82504 18.95 4.85599 0.568637 0.188981 0.2616 -0.853 -0.4517
vtn -9.76053 19.9693 2.38904 0.632474 0.607553 0.2616 -0.853 -0.4517
vtn -8.01047 19.9936 3.35689 0.447526 0.373928 0.2616 -0.853 -0.4517
vtn -8.01047 19.9936 3.35689 0.447526 0.373928 0.4073 0.5218 -0.7495
vtn -10.2838 21.6753 3.29235 0.511362 0.7925 0.4073 0.5218 -0.7495
vtn -8.53373 21.6996 4.2602 0.326415 0.558875 0.4073 0.5218 -0.7495
vtn -8.53373 21.6996 4.2602 0.326415 0.558875 -0.2616 0.853 0.4517
vtn -11.0984 20.6316 4.79145 0.390251 0.977447 -0.2616 0.853 0.4517
vtn -9.3483 20.6559 5.7593 0.205304 0.743823 -0.2616 0.853 0.4517
vtn -8.01047 19.9936 3.35689 0.447526 0.373928 0.875 0.0122 0.4839
vtn -9.3483 20.6559 5.7593 0.141468 0.325251 0.875 0.0122 0.4839
vtn -8.82504 18.95 4.85599 0.262579 0.140304 0.875 0.0122 0.4839
vtn -9.76053 19.9693 2.38904 0.632474 0.607553 -0.875 -0.0121 -0.4839
vtn -11.0984 20.6316 4.79145 0.69631 1.02612 -0.875 -0.0121 -0.4839
vtn -10.2838 21.6753 3.29235 0.511362 0.7925 -0.875 -0.0121 -0.4839
vtn -8.12647 22.2214 3.51069 0.689749 0.004034 -0.4073 -0.5218 0.7496
vtn -9.35326 20.4911 1.63953 0.753585 0.422606 -0.4073 -0.5218 0.7496
vtn -7.60321 20.5154 2.60738 0.568637 0.188981 -0.4073 -0.5218 0.7496
vtn -7.60321 20.5154 2.60738 0.568637 0.188981 0.2616 -0.853 -0.4517
vtn -8.53869 21.5348 0.140429 0.632474 0.607553 0.2616 -0.853 -0.4517
vtn -6.78864 21.5591 1.10828 0.447526 0.373928 0.2616 -0.853 -0.4517
vtn -6.78864 21.5591 1.10828 0.447526 0.373928 0.4073 0.5218 -0.7496
vtn -9.06195 23.2407 1.04374 0.511362 0.7925 0.4073 0.5218 -0.7496
vtn -7.31189 23.265 2.01159 0.326415 0.558875 0.4073 0.5218 -0.7496
vtn -9.06195 23.2407 1.04374 0.511362 0.7925 -0.2616 0.853 0.4517
vtn -8.12647 22.2214 3.51069 0.205304 0.743823 -0.2616 0.853 0.4517
vtn -7.31189 23.265 2.01159 0.326415 0.558875 -0.2616 0.853 0.4517
vtn -6.78864 21.5591 1.10828 0.447526 0.373928 0.875 0.0122 0.4839
vtn -8.12647 22.2214 3.51069 0.141468 0.325251 0.875 0.0122 0.4839
vtn -7.60321 20.5154 2.60738 0.262579 0.140304 0.875 0.0122 0.4839
vtn -9.35326 20.4911 1.63953 0.817421 0.841178 -0.875 -0.0122 -0.4839
vtn -9.06195 23.2407 1.04374 0.511362 0.7925 -0.875 -0.0122 -0.4839
vtn -8.53869 21.5348 0.140429 0.632474 0.607553 -0.875 -0.0122 -0.4839
vtn -7.71989 10.8339 4.04244 0.874696 0.237659 0.0975 -0.834 0.5431
vtn -9.59228 9.5276 2.37275 0.568637 0.188981 0.0975 -0.834 0.5431
vtn -7.60511 9.7536 2.36319 0.689749 0.004034 0.0975 -0.834 0.5431
vtn -9.70706 10.6079 4.05199 0.753585 0.422606 -0.9936 -0.113 0.0048
vtn -9.7872 11.1955 1.28645 0.447526 0.373928 -0.9936 -0.113 0.0048
vtn -9.59228 9.5276 2.37275 0.568637 0.188981 -0.9936 -0.113 0.0048
vtn -9.90198 12.2758 2.9657 0.632474 0.607553 -0.0975 0.834 -0.5431
vtn -7.80003 11.4215 1.2769 0.326415 0.558875 -0.0975 0.834 -0.5431
vtn -9.7872 11.1955 1.28645 0.447526 0.373928 -0.0975 0.834 -0.5431
vtn -7.80003 11.4215 1.2769 0.326415 0.558875 0.9936 0.113 -0.0048
vtn -7.71989 10.8339 4.04244 0.390251 0.977447 0.9936 0.113 -0.0048
vtn -7.60511 9.7536 2.36319 0.205304 0.743823 0.9936 0.113 -0.0048
vtn -9.7872 11.1955 1.28645 0.447526 0.373928 0.0574 -0.5401 -0.8396
vtn -7.60511 9.7536 2.36319 0.141468 0.325251 0.0574 -0.5401 -0.8396
vtn -9.59228 9.5276 2.37275 0.262579 0.140304 0.0574 -0.5401 -0.8396
vtn -9.90198 12.2758 2.9657 0.632474 0.607553 -0.0574 0.5401 0.8396
vtn -7.71989 10.8339 4.04244 0.69631 1.02612 -0.0574 0.5401 0.8396
vtn -7.91481 12.5018 2.95614 0.511362 0.7925 -0.0574 0.5401 0.8396
vtn -7.45956 8.43423 3.22427 0.874696 0.237659 0.0975 -0.834 0.5431
vtn -9.33195 7.12798 1.55458 0.568637 0.188981 0.0975 -0.834 0.5431
vtn -7.34478 7.35398 1.54502 0.689749 0.004034 0.0975 -0.834 0.5431
vtn -9.44673 8.20823 3.23382 0.753585 0.422606 -0.9936 -0.113 0.0048
vtn -9.52687 8.7959 0.468284 0.447526 0.373928 -0.9936 -0.113 0.0048
vtn -9.33195 7.12798 1.55458 0.568637 0.188981 -0.9936 -0.113 0.0048
vtn -9.64165 9.87616 2.14753 0.632474 0.607553 -0.0975 0.834 -0.5431
vtn -7.5397 9.0219 0.458725 0.326415 0.558875 -0.0975 0.834 -0.5431
vtn -9.52687 8.7959 0.468284 0.447526 0.373928 -0.0975 0.834 -0.5431
vtn -7.65448 10.1022 2.13797 0.511362 0.7925 0.9936 0.113 -0.0048
vtn -7.34478 7.35398 1.54502 0.205304 0.743823 0.9936 0.113 -0.0048
vtn -7.5397 9.0219 0.458725 0.326415 0.558875 0.9936 0.113 -0.0048
vtn -9.33195 7.12798 1.55458 0.262579 0.140304 0.0574 -0.5401 -0.8396
vtn -7.5397 9.0219 0.458725 0.326415 0.558875 0.0574 -0.5401 -0.8396
vtn -7.34478 7.35398 1.54502 0.141468 0.325251 0.0574 -0.5401 -0.8396
vtn -9.44673 8.20823 3.23382 0.817421 0.841178 -0.0574 0.5401 0.8396
vtn -7.65448 10.1022 2.13797 0.511362 0.7925 -0.0574 0.5401 0.8396
vtn -9.64165 9.87616 2.14753 0.632474 0.607553 -0.0574 0.5401 0.8396
vtn -7.63715 9.85582 -0.08439 0.689749 0.004034 0.0975 -0.834 0.5431
vtn -9.7391 10.7101 1.60442 0.753585 0.422606 0.0975 -0.834 0.5431
vtn -9.62432 9.62982 -0.074834 0.568637 0.188981 0.0975 -0.834 0.5431
vtn -9.62432 9.62982 -0.074834 0.568637 0.188981 -0.9936 -0.113 0.0048
vtn -9.93402 12.378 0.518123 0.632474 0.607553 -0.9936 -0.113 0.0048
vtn -9.81924 11.2977 -1.16113 0.447526 0.373928 -0.9936 -0.113 0.0048
vtn -9.93402 12.378 0.518123 0.632474 0.607553 -0.0975 0.834 -0.5431
vtn -7.83207 11.5237 -1.17069 0.326415 0.558875 -0.0975 0.834 -0.5431
vtn -9.81924 11.2977 -1.16113 0.447526 0.373928 -0.0975 0.834 -0.5431
vtn -7.94685 12.604 0.508565 0.511362 0.7925 0.9936 0.113 -0.0048
vtn -7.63715 9.85582 -0.08439 0.205304 0.743823 0.9936 0.113 -0.0048
vtn -7.83207 11.5237 -1.17069 0.326415 0.558875 0.9936 0.113 -0.0048
vtn -9.62432 9.62982 -0.074834 0.262579 0.140304 0.0574 -0.5401 -0.8396
vtn -7.83207 11.5237 -1.17069 0.326415 0.558875 0.0574 -0.5401 -0.8396
vtn -7.63715 9.85582 -0.08439 0.141468 0.325251 0.0574 -0.5401 -0.8396
vtn -9.7391 10.7101 1.60442 0.817421 0.841178 -0.0574 0.5401 0.8396
vtn -7.94685 12.604 0.508565 0.511362 0.7925 -0.0574 0.5401 0.8396
vtn -9.93402 12.378 0.518123 0.632474 0.607553 -0.0574 0.5401 0.8396
vtn -7.79316 13.4014 12.8355 0.874696 0.237659 -0.048 -0.3695 0.928
vtn -9.77343 13.1917 12.6497 0.753585 0.422606 -0.048 -0.3695 0.928
vtn -9.51013 11.3451 11.928 0.568637 0.188981 -0.048 -0.3695 0.928
vtn -9.77343 13.1917 12.6497 0.753585 0.422606 -0.9901 -0.1049 -0.0929
vtn -9.67751 13.9307 10.7937 0.632474 0.607553 -0.9901 -0.1049 -0.0929
vtn -9.41421 12.0841 10.072 0.447526 0.373928 -0.9901 -0.1049 -0.0929
vtn -9.67751 13.9307 10.7937 0.632474 0.607553 0.048 0.3695 -0.928
vtn -7.69724 14.1404 10.9795 0.511362 0.7925 0.048 0.3695 -0.928
vtn -7.43394 12.2938 10.2579 0.326415 0.558875 0.048 0.3695 -0.928
vtn -7.69724 14.1404 10.9795 0.511362 0.7925 0.9901 0.1049 0.0929
vtn -7.79316 13.4014 12.8355 0.390251 0.977447 0.9901 0.1049 0.0929
vtn -7.52985 11.5548 12.1139 0.205304 0.743823 0.9901 0.1049 0.0929
vtn -9.41421 12.0841 10.072 0.447526 0.373928 0.1316 -0.9233 -0.3608
vtn -7.43394 12.2938 10.2579 0.326415 0.558875 0.1316 -0.9233 -0.3608
vtn -7.52985 11.5548 12.1139 0.141468 0.325251 0.1316 -0.9233 -0.3608
vtn -9.77343 13.1917 12.6497 0.817421 0.841178 -0.1316 0.9233 0.3608
vtn -7.79316 13.4014 12.8355 0.69631 1.02612 -0.1316 0.9233 0.3608
vtn -7.69724 14.1404 10.9795 0.511362 0.7925 -0.1316 0.9233 0.3608
vtn -7.6145 10.9711 13.582 0.874696 0.237659 -0.048 -0.3695 0.928
vtn -9.59477 10.7614 13.3962 0.753585 0.422606 -0.048 -0.3695 0.928
vtn -9.33147 8.91482 12.6745 0.568637 0.188981 -0.048 -0.3695 0.928
vtn -9.59477 10.7614 13.3962 0.753585 0.422606 -0.9901 -0.1049 -0.0929
vtn -9.49886 11.5004 11.5402 0.632474 0.607553 -0.9901 -0.1049 -0.0929
vtn -9.23556 9.65383 10.8185 0.447526 0.373928 -0.9901 -0.1049 -0.0929
vtn -9.49886 11.5004 11.5402 0.632474 0.607553 0.048 0.3695 -0.928
vtn -7.51859 11.7101 11.7261 0.511362 0.7925 0.048 0.3695 -0.928
vtn -7.25528 9.86356 11.0044 0.326415 0.558875 0.048 0.3695 -0.928
vtn -7.51859 11.7101 11.7261 0.511362 0.7925 0.9901 0.1049 0.0929
vtn -7.6145 10.9711 13.582 0.390251 0.977447 0.9901 0.1049 0.0929
vtn -7.3512 9.12455 12.8604 0.205304 0.743823 0.9901 0.1049 0.0929
vtn -9.23556 9.65383 10.8185 0.447526 0.373928 0.1316 -0.9233 -0.3608
vtn -7.25528 9.86356 11.0044 0.326415 0.558875 0.1316 -0.9233 -0.3608
vtn -7.3512 9.12455 12.8604 0.141468 0.325251 0.1316 -0.9233 -0.3608
vtn -9.59477 10.7614 13.3962 0.817421 0.841178 -0.1317 0.9233 0.3608
vtn -7.6145 10.9711 13.582 0.69631 1.02612 -0.1317 0.9233 0.3608
vtn -7.51859 11.7101 11.7261 0.511362 0.7925 -0.1317 0.9233 0.3608
vtn -7.47063 12.0796 10.7981 0.874696 0.237659 -0.048 -0.3695 0.928
vtn -9.4509 11.8699 10.6123 0.753585 0.422606 -0.048 -0.3695 0.928
vtn -9.1876 10.0233 9.89061 0.568637 0.188981 -0.048 -0.3695 0.928
vtn -9.4509 11.8699 10.6123 0.753585 0.422606 -0.9901 -0.1049 -0.0929
vtn -9.35498 12.6089 8.75628 0.632474 0.607553 -0.9901 -0.1049 -0.0929
vtn -9.09168 10.7623 8.03462 0.447526 0.373928 -0.9901 -0.1049 -0.0929
vtn -9.35498 12.6089 8.75628 0.632474 0.607553 0.048 0.3695 -0.928
vtn -7.37471 12.8186 8.94213 0.511362 0.7925 0.048 0.3695 -0.928
vtn -7.11141 10.972 8.22048 0.326415 0.558875 0.048 0.3695 -0.928
vtn -7.37471 12.8186 8.94213 0.511362 0.7925 0.9901 0.1049 0.0929
vtn -7.47063 12.0796 10.7981 0.390251 0.977447 0.9901 0.1049 0.0929
vtn -7.20733 10.233 10.0765 0.205304 0.743823 0.9901 0.1049 0.0929
vtn -9.09168 10.7623 8.03462 0.447526 0.373928 0.1316 -0.9233 -0.3608
vtn -7.11141 10.972 8.22048 0.326415 0.558875 0.1316 -0.9233 -0.3608
vtn -7.20733 10.233 10.0765 0.141468 0.325251 0.1316 -0.9233 -0.3608
vtn -9.4509 11.8699 10.6123 0.817421 0.841178 -0.1317 0.9233 0.3608
vtn -7.47063 12.0796 10.7981 0.69631 1.02612 -0.1317 0.9233 0.3608
vtn -7.37471 12.8186 8.94213 0.511362 0.7925 -0.1317 0.9233 0.3608
vtn -7.78865 12.7185 7.91666 0.689749 0.004034 -0.0008 0.553 0.8332
vtn -8.04785 14.3706 6.81981 0.874696 0.237659 -0.0008 0.553 0.8332
vtn -10.031 14.1538 6.96176 0.753585 0.422606 -0.0008 0.553 0.8332
vtn -10.031 14.1538 6.96176 0.753585 0.422606 -0.9916 -0.1084 0.071
vtn -10.0293 13.0478 5.29539 0.632474 0.607553 -0.9916 -0.1084 0.071
vtn -9.7701 11.3956 6.39224 0.447526 0.373928 -0.9916 -0.1084 0.071
vtn -9.7701 11.3956 6.39224 0.447526 0.373928 0.0008 -0.553 -0.8332
vtn -10.0293 13.0478 5.29539 0.632474 0.607553 0.0008 -0.553 -0.8332
vtn -8.04617 13.2647 5.15344 0.511362 0.7925 0.0008 -0.553 -0.8332
vtn -7.78697 11.6125 6.25029 0.326415 0.558875 0.9916 0.1084 -0.071
vtn -8.04617 13.2647 5.15344 0.511362 0.7925 0.9916 0.1084 -0.071
vtn -8.04785 14.3706 6.81981 0.390251 0.977447 0.9916 0.1084 -0.071
vtn -9.7701 11.3956 6.39224 0.447526 0.373928 0.1296 -0.8261 0.5484
vtn -7.78697 11.6125 6.25029 0.326415 0.558875 0.1296 -0.8261 0.5484
vtn -7.78865 12.7185 7.91666 0.141468 0.325251 0.1296 -0.8261 0.5484
vtn -10.031 14.1538 6.96176 0.817421 0.841178 -0.1296 0.8261 -0.5484
vtn -8.04785 14.3706 6.81981 0.69631 1.02612 -0.1296 0.8261 -0.5484
vtn -8.04617 13.2647 5.15344 0.511362 0.7925 -0.1296 0.8261 -0.5484
vtn -7.53956 11.9419 10.3313 0.689749 0.004034 -0.0008 0.553 0.8332
vtn -7.79876 13.5941 9.23441 0.874696 0.237659 -0.0008 0.553 0.8332
vtn -9.78189 13.3772 9.37636 0.753585 0.422606 -0.0008 0.553 0.8332
vtn -9.78189 13.3772 9.37636 0.753585 0.422606 -0.9916 -0.1084 0.071
vtn -9.78021 12.2712 7.71 0.632474 0.607553 -0.9916 -0.1084 0.071
vtn -9.52101 10.619 8.80684 0.447526 0.373928 -0.9916 -0.1084 0.071
vtn -9.78021 12.2712 7.71 0.632474 0.607553 0.0008 -0.553 -0.8332
vtn -7.79708 12.4881 7.56805 0.511362 0.7925 0.0008 -0.553 -0.8332
vtn -7.53788 10.8359 8.6649 0.326415 0.558875 0.0008 -0.553 -0.8332
vtn -7.53788 10.8359 8.6649 0.326415 0.558875 0.9916 0.1084 -0.071
vtn -7.79708 12.4881 7.56805 0.511362 0.7925 0.9916 0.1084 -0.071
vtn -7.79876 13.5941 9.23441 0.390251 0.977447 0.9916 0.1084 -0.071
vtn -9.52101 10.619 8.80684 0.447526 0.373928 0.1296 -0.8261 0.5484
vtn -7.53788 10.8359 8.6649 0.326415 0.558875 0.1296 -0.8261 0.5484
vtn -7.53956 11.9419 10.3313 0.141468 0.325251 0.1296 -0.8261 0.5484
vtn -9.78189 13.3772 9.37636 0.817421 0.841178 -0.1296 0.8261 -0.5484
vtn -7.79876 13.5941 9.23441 0.69631 1.02612 -0.1296 0.8261 -0.5484
vtn -7.79708 12.4881 7.56805 0.511362 0.7925 -0.1296 0.8261 -0.5484
vtn -7.53703 10.283 7.83176 0.689749 0.004034 -0.0008 0.553 0.8332
vtn -7.79624 11.9352 6.73491 0.874696 0.237659 -0.0008 0.553 0.8332
vtn -9.77937 11.7183 6.87686 0.753585 0.422606 -0.0008 0.553 0.8332
vtn -9.77937 11.7183 6.87686 0.753585 0.422606 -0.9916 -0.1084 0.071
vtn -9.77769 10.6123 5.21049 0.632474 0.607553 -0.9916 -0.1084 0.071
vtn -9.51849 8.96009 6.30734 0.447526 0.373928 -0.9916 -0.1084 0.071
vtn -9.51849 8.96009 6.30734 0.447526 0.373928 0.0008 -0.553 -0.8332
vtn -9.77769 10.6123 5.21049 0.632474 0.607553 0.0008 -0.553 -0.8332
vtn -7.79456 10.8292 5.06854 0.511362 0.7925 0.0008 -0.553 -0.8332
vtn -7.53535 9.17697 6.16539 0.326415 0.558875 0.9916 0.1084 -0.071
vtn -7.79456 10.8292 5.06854 0.511362 0.7925 0.9916 0.1084 -0.071
vtn -7.79624 11.9352 6.73491 0.390251 0.977447 0.9916 0.1084 -0.071
vtn -9.52017 10.0661 7.97371 0.262579 0.140304 0.1296 -0.8261 0.5484
vtn -9.51849 8.96009 6.30734 0.447526 0.373928 0.1296 -0.8261 0.5484
vtn -7.53535 9.17697 6.16539 0.326415 0.558875 0.1296 -0.8261 0.5484
vtn -9.77937 11.7183 6.87686 0.817421 0.841178 -0.1296 0.8261 -0.5484
vtn -7.79624 11.9352 6.73491 0.69631 1.02612 -0.1296 0.8261 -0.5484
vtn -7.79456 10.8292 5.06854 0.511362 0.7925 -0.1296 0.8261 -0.5484
vtn -8.84534 13.8334 5.58905 0.874696 0.237659 0.0199 0.1572 -0.9874
vtn -10.8413 13.7199 5.53078 0.753585 0.422606 0.0199 0.1572 -0.9874
vtn -10.9624 15.6918 5.84226 0.568637 0.188981 0.0199 0.1572 -0.9874
vtn -10.8413 13.7199 5.53078 0.753585 0.422606 -0.998 -0.0567 -0.0291
vtn -10.8811 13.4056 7.50552 0.632474 0.607553 -0.998 -0.0567 -0.0291
vtn -11.0022 15.3774 7.81699 0.447526 0.373928 -0.998 -0.0567 -0.0291
vtn -11.0022 15.3774 7.81699 0.447526 0.373928 -0.0199 -0.1572 0.9874
vtn -10.8811 13.4056 7.50552 0.632474 0.607553 -0.0199 -0.1572 0.9874
vtn -8.88513 13.519 7.56379 0.511362 0.7925 -0.0199 -0.1572 0.9874
vtn -8.88513 13.519 7.56379 0.511362 0.7925 0.998 0.0567 0.0291
vtn -8.84534 13.8334 5.58905 0.390251 0.977447 0.998 0.0567 0.0291
vtn -8.96649 15.8052 5.90053 0.205304 0.743823 0.998 0.0567 0.0291
vtn -11.0022 15.3774 7.81699 0.447526 0.373928 -0.0606 0.9859 0.1557
vtn -9.00627 15.4909 7.87526 0.326415 0.558875 -0.0606 0.9859 0.1557
vtn -8.96649 15.8052 5.90053 0.141468 0.325251 -0.0606 0.9859 0.1557
vtn -10.8811 13.4056 7.50552 0.632474 0.607553 0.0606 -0.9859 -0.1557
vtn -10.8413 13.7199 5.53078 0.817421 0.841178 0.0606 -0.9859 -0.1557
vtn -8.84534 13.8334 5.58905 0.69631 1.02612 0.0606 -0.9859 -0.1557
vtn -9.06461 18.0234 4.64924 0.689749 0.004034 0.0199 0.1572 -0.9874
vtn -8.94346 16.0515 4.33777 0.874696 0.237659 0.0199 0.1572 -0.9874
vtn -10.9394 15.9381 4.2795 0.753585 0.422606 0.0199 0.1572 -0.9874
vtn -11.0605 17.9099 4.59098 0.568637 0.188981 -0.998 -0.0567 -0.0291
vtn -10.9394 15.9381 4.2795 0.753585 0.422606 -0.998 -0.0567 -0.0291
vtn -10.9792 15.6237 6.25424 0.632474 0.607553 -0.998 -0.0567 -0.0291
vtn -11.1003 17.5956 6.56571 0.447526 0.373928 -0.0199 -0.1572 0.9874
vtn -10.9792 15.6237 6.25424 0.632474 0.607553 -0.0199 -0.1572 0.9874
vtn -8.98325 15.7371 6.3125 0.511362 0.7925 -0.0199 -0.1572 0.9874
vtn -8.98325 15.7371 6.3125 0.511362 0.7925 0.998 0.0567 0.0291
vtn -8.94346 16.0515 4.33777 0.390251 0.977447 0.998 0.0567 0.0291
vtn -9.06461 18.0234 4.64924 0.205304 0.743823 0.998 0.0567 0.0291
vtn -11.1003 17.5956 6.56571 0.447526 0.373928 -0.0606 0.9859 0.1557
vtn -9.10439 17.709 6.62398 0.326415 0.558875 -0.0606 0.9859 0.1557
vtn -9.06461 18.0234 4.64924 0.141468 0.325251 -0.0606 0.9859 0.1557
vtn -10.9792 15.6237 6.25424 0.632474 0.607553 0.0606 -0.9859 -0.1557
vtn -10.9394 15.9381 4.2795 0.817421 0.841178 0.0606 -0.9859 -0.1557
vtn -8.94346 16.0515 4.33777 0.69631 1.02612 0.0606 -0.9859 -0.1557
vtn -9.00314 15.5799 7.29982 0.874696 0.237659 0.0199 0.1572 -0.9874
vtn -10.9991 15.4665 7.24155 0.753585 0.422606 0.0199 0.1572 -0.9874
vtn -11.1202 17.4384 7.55303 0.568637 0.188981 0.0199 0.1572 -0.9874
vtn -10.9991 15.4665 7.24155 0.753585 0.422606 -0.998 -0.0567 -0.0291
vtn -11.0389 15.1521 9.21629 0.632474 0.607553 -0.998 -0.0567 -0.0291
vtn -11.16 17.124 9.52776 0.447526 0.373928 -0.998 -0.0567 -0.0291
vtn -11.0389 15.1521 9.21629 0.632474 0.607553 -0.0199 -0.1572 0.9874
vtn -9.04292 15.2656 9.27456 0.511362 0.7925 -0.0199 -0.1572 0.9874
vtn -9.16407 17.2374 9.58603 0.326415 0.558875 -0.0199 -0.1572 0.9874
vtn -9.16407 17.2374 9.58603 0.326415 0.558875 0.998 0.0567 0.0291
vtn -9.04292 15.2656 9.27456 0.511362 0.7925 0.998 0.0567 0.0291
vtn -9.00314 15.5799 7.29982 0.390251 0.977447 0.998 0.0567 0.0291
vtn -11.1202 17.4384 7.55303 0.262579 0.140304 -0.0606 0.9859 0.1557
vtn -11.16 17.124 9.52776 0.447526 0.373928 -0.0606 0.9859 0.1557
vtn -9.16407 17.2374 9.58603 0.326415 0.558875 -0.0606 0.9859 0.1557
vtn -10.9991 15.4665 7.24155 0.817421 0.841178 0.0606 -0.9859 -0.1557
vtn -9.00314 15.5799 7.29982 0.69631 1.02612 0.0606 -0.9859 -0.1557
vtn -9.04292 15.2656 9.27456 0.511362 0.7925 0.0606 -0.9859 -0.1557
vtn -8.48434 15.613 11.2889 0.689749 0.004034 0.0123 -0.2576 0.9662
vtn -9.73776 17.1148 11.7053 0.874696 0.237659 0.0123 -0.2576 0.9662
vtn -11.2961 15.8987 11.4008 0.753585 0.422606 0.0123 -0.2576 0.9662
vtn -11.2961 15.8987 11.4008 0.753585 0.422606 -0.7792 -0.6081 -0.1523
vtn -11.3206 16.414 9.46847 0.632474 0.607553 -0.7792 -0.6081 -0.1523
vtn -10.0672 14.9121 9.05207 0.447526 0.373928 -0.7792 -0.6081 -0.1523
vtn -10.0672 14.9121 9.05207 0.447526 0.373928 -0.0123 0.2576 -0.9662
vtn -11.3206 16.414 9.46847 0.632474 0.607553 -0.0123 0.2576 -0.9662
vtn -9.76229 17.6301 9.77298 0.511362 0.7925 -0.0123 0.2576 -0.9662
vtn -9.76229 17.6301 9.77298 0.511362 0.7925 0.7792 0.6081 0.1523
vtn -9.73776 17.1148 11.7053 0.390251 0.977447 0.7792 0.6081 0.1523
vtn -8.48434 15.613 11.2889 0.205304 0.743823 0.7792 0.6081 0.1523
vtn -10.0672 14.9121 9.05207 0.447526 0.373928 0.6267 -0.7509 -0.2082
vtn -8.50887 16.1282 9.35658 0.326415 0.558875 0.6267 -0.7509 -0.2082
vtn -8.48434 15.613 11.2889 0.141468 0.325251 0.6267 -0.7509 -0.2082
vtn -11.2961 15.8987 11.4008 0.817421 0.841178 -0.6267 0.7509 0.2082
vtn -9.73776 17.1148 11.7053 0.69631 1.02612 -0.6267 0.7509 0.2082
vtn -9.76229 17.6301 9.77298 0.511362 0.7925 -0.6267 0.7509 0.2082
vtn -8.47288 15.2016 12.8167 0.874696 0.237659 0.0123 -0.2576 0.9662
vtn -10.0312 13.9855 12.5121 0.753585 0.422606 0.0123 -0.2576 0.9662
vtn -8.77777 12.4836 12.0957 0.568637 0.188981 0.0123 -0.2576 0.9662
vtn -10.0312 13.9855 12.5121 0.753585 0.422606 -0.7792 -0.6081 -0.1523
vtn -10.0557 14.5008 10.5798 0.632474 0.607553 -0.7792 -0.6081 -0.1523
vtn -8.8023 12.9989 10.1634 0.447526 0.373928 -0.7792 -0.6081 -0.1523
vtn -8.8023 12.9989 10.1634 0.447526 0.373928 -0.0123 0.2576 -0.9662
vtn -10.0557 14.5008 10.5798 0.632474 0.607553 -0.0123 0.2576 -0.9662
vtn -8.49741 15.7169 10.8843 0.511362 0.7925 -0.0123 0.2576 -0.9662
vtn -7.24399 14.215 10.4679 0.326415 0.558875 0.7792 0.6081 0.1523
vtn -8.49741 15.7169 10.8843 0.511362 0.7925 0.7792 0.6081 0.1523
vtn -8.47288 15.2016 12.8167 0.390251 0.977447 0.7792 0.6081 0.1523
vtn -8.8023 12.9989 10.1634 0.447526 0.373928 0.6267 -0.7509 -0.2082
vtn -7.24399 14.215 10.4679 0.326415 0.558875 0.6267 -0.7509 -0.2082
vtn -7.21946 13.6998 12.4002 0.141468 0.325251 0.6267 -0.7509 -0.2082
vtn -10.0312 13.9855 12.5121 0.817421 0.841178 -0.6267 0.7509 0.2082
vtn -8.47288 15.2016 12.8167 0.69631 1.02612 -0.6267 0.7509 0.2082
vtn -8.49741 15.7169 10.8843 0.511362 0.7925 -0.6267 0.7509 0.2082
vtn -7.25626 14.4727 9.50181 0.689749 0.004034 0.0123 -0.2576 0.9662
vtn -8.50968 15.9745 9.91822 0.874696 0.237659 0.0123 -0.2576 0.9662
vtn -10.068 14.7584 9.61371 0.753585 0.422606 0.0123 -0.2576 0.9662
vtn -10.068 14.7584 9.61371 0.753585 0.422606 -0.7792 -0.6081 -0.1523
vtn -10.0925 15.2737 7.68139 0.632474 0.607553 -0.7792 -0.6081 -0.1523
vtn -8.83911 13.7718 7.26498 0.447526 0.373928 -0.7792 -0.6081 -0.1523
vtn -10.0925 15.2737 7.68139 0.632474 0.607553 -0.0123 0.2576 -0.9662
vtn -8.53422 16.4898 7.98589 0.511362 0.7925 -0.0123 0.2576 -0.9662
vtn -7.2808 14.9879 7.56949 0.326415 0.558875 -0.0123 0.2576 -0.9662
vtn -7.2808 14.9879 7.56949 0.326415 0.558875 0.7792 0.6081 0.1523
vtn -8.53422 16.4898 7.98589 0.511362 0.7925 0.7792 0.6081 0.1523
vtn -8.50968 15.9745 9.91822 0.390251 0.977447 0.7792 0.6081 0.1523
vtn -8.83911 13.7718 7.26498 0.447526 0.373928 0.6267 -0.7509 -0.2082
vtn -7.2808 14.9879 7.56949 0.326415 0.558875 0.6267 -0.7509 -0.2082
vtn -7.25626 14.4727 9.50181 0.141468 0.325251 0.6267 -0.7509 -0.2082
vtn -10.0925 15.2737 7.68139 0.632474 0.607553 -0.6267 0.7509 0.2082
vtn -10.068 14.7584 9.61371 0.817421 0.841178 -0.6267 0.7509 0.2082
vtn -8.50968 15.9745 9.91822 0.69631 1.02612 -0.6267 0.7509 0.2082
vtn -8.44647 15.9565 4.37111 0.874696 0.237659 -0.0215 -0.0575 0.9981
vtn -10.4157 15.6127 4.30894 0.753585 0.422606 -0.0215 -0.0575 0.9981
vtn -10.069 13.6458 4.20313 0.568637 0.188981 -0.0215 -0.0575 0.9981
vtn -10.4157 15.6127 4.30894 0.753585 0.422606 -0.9846 -0.1719 -0.0311
vtn -10.3728 15.7277 2.3127 0.632474 0.607553 -0.9846 -0.1719 -0.0311
vtn -10.026 13.7608 2.2069 0.447526 0.373928 -0.9846 -0.1719 -0.0311
vtn -10.3728 15.7277 2.3127 0.632474 0.607553 0.0215 0.0575 -0.9981
vtn -8.40351 16.0715 2.37488 0.511362 0.7925 0.0215 0.0575 -0.9981
vtn -8.05676 14.1046 2.26908 0.326415 0.558875 0.0215 0.0575 -0.9981
vtn -8.40351 16.0715 2.37488 0.511362 0.7925 0.9846 0.1719 0.0311
vtn -8.44647 15.9565 4.37111 0.390251 0.977447 0.9846 0.1719 0.0311
vtn -8.09972 13.9897 4.26531 0.205304 0.743823 0.9846 0.1719 0.0311
vtn -10.026 13.7608 2.2069 0.447526 0.373928 0.1734 -0.9834 -0.0529
vtn -8.05676 14.1046 2.26908 0.326415 0.558875 0.1734 -0.9834 -0.0529
vtn -8.09972 13.9897 4.26531 0.141468 0.325251 0.1734 -0.9834 -0.0529
vtn -10.4157 15.6127 4.30894 0.817421 0.841178 -0.1734 0.9834 0.0529
vtn -8.44647 15.9565 4.37111 0.69631 1.02612 -0.1734 0.9834 0.0529
vtn -8.40351 16.0715 2.37488 0.511362 0.7925 -0.1734 0.9834 0.0529
vtn -7.79577 11.9323 5.73854 0.689749 0.004034 -0.0215 -0.0575 0.9981
vtn -8.14252 13.8992 5.84435 0.874696 0.237659 -0.0215 -0.0575 0.9981
vtn -10.1118 13.5554 5.78217 0.753585 0.422606 -0.0215 -0.0575 0.9981
vtn -10.1118 13.5554 5.78217 0.753585 0.422606 -0.9846 -0.1719 -0.0311
vtn -10.0688 13.6703 3.78594 0.632474 0.607553 -0.9846 -0.1719 -0.0311
vtn -9.72205 11.7035 3.68014 0.447526 0.373928 -0.9846 -0.1719 -0.0311
vtn -9.72205 11.7035 3.68014 0.447526 0.373928 0.0215 0.0575 -0.9981
vtn -10.0688 13.6703 3.78594 0.632474 0.607553 0.0215 0.0575 -0.9981
vtn -8.09955 14.0142 3.84812 0.511362 0.7925 0.0215 0.0575 -0.9981
vtn -8.09955 14.0142 3.84812 0.511362 0.7925 0.9846 0.1719 0.0311
vtn -8.14252 13.8992 5.84435 0.390251 0.977447 0.9846 0.1719 0.0311
vtn -7.79577 11.9323 5.73854 0.205304 0.743823 0.9846 0.1719 0.0311
vtn -9.72205 11.7035 3.68014 0.447526 0.373928 0.1734 -0.9834 -0.0529
vtn -7.75281 12.0473 3.74231 0.326415 0.558875 0.1734 -0.9834 -0.0529
vtn -7.79577 11.9323 5.73854 0.141468 0.325251 0.1734 -0.9834 -0.0529
vtn -10.1118 13.5554 5.78217 0.817421 0.841178 -0.1734 0.9834 0.0529
vtn -8.14252 13.8992 5.84435 0.69631 1.02612 -0.1734 0.9834 0.0529
vtn -8.09955 14.0142 3.84812 0.511362 0.7925 -0.1734 0.9834 0.0529
vtn -8.07807 14.0716 2.85006 0.874696 0.237659 -0.0215 -0.0575 0.9981
vtn -10.0473 13.7278 2.78788 0.753585 0.422606 -0.0215 -0.0575 0.9981
vtn -9.70057 11.7609 2.68208 0.568637 0.188981 -0.0215 -0.0575 0.9981
vtn -10.0473 13.7278 2.78788 0.753585 0.422606 -0.9846 -0.1719 -0.0311
vtn -10.0044 13.8428 0.791647 0.632474 0.607553 -0.9846 -0.1719 -0.0311
vtn -9.65761 11.8759 0.685844 0.447526 0.373928 -0.9846 -0.1719 -0.0311
vtn -10.0044 13.8428 0.791647 0.632474 0.607553 0.0215 0.0575 -0.9981
vtn -8.03511 14.1866 0.853826 0.511362 0.7925 0.0215 0.0575 -0.9981
vtn -7.68837 12.2197 0.748023 0.326415 0.558875 0.0215 0.0575 -0.9981
vtn -7.68837 12.2197 0.748023 0.326415 0.558875 0.9846 0.1719 0.0311
vtn -8.03511 14.1866 0.853826 0.511362 0.7925 0.9846 0.1719 0.0311
vtn -8.07807 14.0716 2.85006 0.390251 0.977447 0.9846 0.1719 0.0311
vtn -9.70057 11.7609 2.68208 0.262579 0.140304 0.1734 -0.9834 -0.0529
vtn -9.65761 11.8759 0.685844 0.447526 0.373928 0.1734 -0.9834 -0.0529
vtn -7.68837 12.2197 0.748023 0.326415 0.558875 0.1734 -0.9834 -0.0529
vtn -10.0473 13.7278 2.78788 0.817421 0.841178 -0.1734 0.9834 0.0529
vtn -8.07807 14.0716 2.85006 0.69631 1.02612 -0.1734 0.9834 0.0529
vtn -8.03511 14.1866 0.853826 0.511362 0.7925 -0.1734 0.9834 0.0529
vtn -8.3983 18.1402 2.94831 0.689749 0.004034 -0.0215 -0.0575 0.9981
vtn -8.74505 20.107 3.05411 0.874696 0.237659 -0.0215 -0.0575 0.9981
vtn -10.7143 19.7632 2.99193 0.753585 0.422606 -0.0215 -0.0575 0.9981
vtn -10.7143 19.7632 2.99193 0.753585 0.422606 -0.9846 -0.1719 -0.0311
vtn -10.6713 19.8782 0.995699 0.632474 0.607553 -0.9846 -0.1719 -0.0311
vtn -10.3246 17.9113 0.889896 0.447526 0.373928 -0.9846 -0.1719 -0.0311
vtn -10.6713 19.8782 0.995699 0.632474 0.607553 0.0215 0.0575 -0.9981
vtn -8.70208 20.222 1.05788 0.511362 0.7925 0.0215 0.0575 -0.9981
vtn -8.35534 18.2551 0.952075 0.326415 0.558875 0.0215 0.0575 -0.9981
vtn -8.35534 18.2551 0.952075 0.326415 0.558875 0.9846 0.1719 0.0311
vtn -8.70208 20.222 1.05788 0.511362 0.7925 0.9846 0.1719 0.0311
vtn -8.74505 20.107 3.05411 0.390251 0.977447 0.9846 0.1719 0.0311
vtn -10.3246 17.9113 0.889896 0.447526 0.373928 0.1734 -0.9834 -0.0529
vtn -8.35534 18.2551 0.952075 0.326415 0.558875 0.1734 -0.9834 -0.0529
vtn -8.3983 18.1402 2.94831 0.141468 0.325251 0.1734 -0.9834 -0.0529
vtn -10.6713 19.8782 0.995699 0.632474 0.607553 -0.1734 0.9834 0.0529
vtn -10.7143 19.7632 2.99193 0.817421 0.841178 -0.1734 0.9834 0.0529
vtn -8.74505 20.107 3.05411 0.69631 1.02612 -0.1734 0.9834 0.0529
vtn -8.09435 16.0828 4.42154 0.689749 0.004034 -0.0215 -0.0575 0.9981
vtn -8.44109 18.0497 4.52735 0.874696 0.237659 -0.0215 -0.0575 0.9981
vtn -10.4103 17.7059 4.46517 0.753585 0.422606 -0.0215 -0.0575 0.9981
vtn -10.0636 15.739 4.35936 0.568637 0.188981 -0.9846 -0.1719 -0.0311
vtn -10.4103 17.7059 4.46517 0.753585 0.422606 -0.9846 -0.1719 -0.0311
vtn -10.3674 17.8209 2.46894 0.632474 0.607553 -0.9846 -0.1719 -0.0311
vtn -10.3674 17.8209 2.46894 0.632474 0.607553 0.0215 0.0575 -0.9981
vtn -8.39813 18.1647 2.53111 0.511362 0.7925 0.0215 0.0575 -0.9981
vtn -8.05139 16.1978 2.42531 0.326415 0.558875 0.0215 0.0575 -0.9981
vtn -8.05139 16.1978 2.42531 0.326415 0.558875 0.9846 0.1719 0.0311
vtn -8.39813 18.1647 2.53111 0.511362 0.7925 0.9846 0.1719 0.0311
vtn -8.44109 18.0497 4.52735 0.390251 0.977447 0.9846 0.1719 0.0311
vtn -10.0636 15.739 4.35936 0.262579 0.140304 0.1734 -0.9834 -0.0529
vtn -10.0206 15.854 2.36313 0.447526 0.373928 0.1734 -0.9834 -0.0529
vtn -8.05139 16.1978 2.42531 0.326415 0.558875 0.1734 -0.9834 -0.0529
vtn -10.3674 17.8209 2.46894 0.632474 0.607553 -0.1734 0.9834 0.0529
vtn -10.4103 17.7059 4.46517 0.817421 0.841178 -0.1734 0.9834 0.0529
vtn -8.44109 18.0497 4.52735 0.69631 1.02612 -0.1734 0.9834 0.0529
vtn -8.37665 18.2221 1.53305 0.874696 0.237659 -0.0215 -0.0575 0.9981
vtn -10.3459 17.8783 1.47087 0.753585 0.422606 -0.0215 -0.0575 0.9981
vtn -9.99915 15.9115 1.36507 0.568637 0.188981 -0.0215 -0.0575 0.9981
vtn -10.3459 17.8783 1.47087 0.753585 0.422606 -0.9846 -0.1719 -0.0311
vtn -10.3029 17.9933 -0.525356 0.632474 0.607553 -0.9846 -0.1719 -0.0311
vtn -9.95619 16.0264 -0.631161 0.447526 0.373928 -0.9846 -0.1719 -0.0311
vtn -10.3029 17.9933 -0.525356 0.632474 0.607553 0.0215 0.0575 -0.9981
vtn -8.33369 18.3371 -0.463178 0.511362 0.7925 0.0215 0.0575 -0.9981
vtn -7.98695 16.3702 -0.56898 0.326415 0.558875 0.0215 0.0575 -0.9981
vtn -7.98695 16.3702 -0.56898 0.326415 0.558875 0.9846 0.1719 0.0311
vtn -8.33369 18.3371 -0.463178 0.511362 0.7925 0.9846 0.1719 0.0311
vtn -8.37665 18.2221 1.53305 0.390251 0.977447 0.9846 0.1719 0.0311
vtn -9.95619 16.0264 -0.631161 0.447526 0.373928 0.1734 -0.9834 -0.0529
vtn -7.98695 16.3702 -0.56898 0.326415 0.558875 0.1734 -0.9834 -0.0529
vtn -8.02991 16.2553 1.42725 0.141468 0.325251 0.1734 -0.9834 -0.0529
vtn -10.3029 17.9933 -0.525356 0.632474 0.607553 -0.1734 0.9834 0.0529
vtn -10.3459 17.8783 1.47087 0.817421 0.841178 -0.1734 0.9834 0.0529
vtn -8.37665 18.2221 1.53305 0.69631 1.02612 -0.1734 0.9834 0.0529
vtn -7.63039 14.9667 2.06902 0.874696 0.237659 0.2039 -0.7996 0.5649
vtn -9.55872 14.4386 2.01768 0.753585 0.422606 0.2039 -0.7996 0.5649
vtn -9.21935 13.3598 0.368124 0.568637 0.188981 0.2039 -0.7996 0.5649
vtn -9.21935 13.3598 0.368124 0.568637 0.188981 -0.9642 -0.2641 -0.0257
vtn -9.55872 14.4386 2.01768 0.753585 0.422606 -0.9642 -0.2641 -0.0257
vtn -9.9666 16.0377 0.887925 0.632474 0.607553 -0.9642 -0.2641 -0.0257
vtn -9.9666 16.0377 0.887925 0.632474 0.607553 -0.2039 0.7996 -0.5649
vtn -8.03827 16.5658 0.939273 0.511362 0.7925 -0.2039 0.7996 -0.5649
vtn -7.6989 15.487 -0.710282 0.326415 0.558875 -0.2039 0.7996 -0.5649
vtn -8.03827 16.5658 0.939273 0.511362 0.7925 0.9642 0.2641 0.0257
vtn -7.63039 14.9667 2.06902 0.390251 0.977447 0.9642 0.2641 0.0257
vtn -7.29102 13.8879 0.419471 0.205304 0.743823 0.9642 0.2641 0.0257
vtn -9.62723 14.9589 -0.761628 0.447526 0.373928 0.1697 -0.5394 -0.8248
vtn -7.6989 15.487 -0.710282 0.326415 0.558875 0.1697 -0.5394 -0.8248
vtn -7.29102 13.8879 0.419471 0.141468 0.325251 0.1697 -0.5394 -0.8248
vtn -9.55872 14.4386 2.01768 0.817421 0.841178 -0.1697 0.5394 0.8248
vtn -7.63039 14.9667 2.06902 0.69631 1.02612 -0.1697 0.5394 0.8248
vtn -8.03827 16.5658 0.939273 0.511362 0.7925 -0.1697 0.5394 0.8248
vtn -6.97698 12.6216 1.31464 0.874696 0.237659 0.2039 -0.7996 0.5649
vtn -8.90531 12.0935 1.26329 0.753585 0.422606 0.2039 -0.7996 0.5649
vtn -8.56594 11.0147 -0.386262 0.568637 0.188981 0.2039 -0.7996 0.5649
vtn -8.56594 11.0147 -0.386262 0.568637 0.188981 -0.9642 -0.2641 -0.0257
vtn -8.90531 12.0935 1.26329 0.753585 0.422606 -0.9642 -0.2641 -0.0257
vtn -9.31318 13.6927 0.133538 0.632474 0.607553 -0.9642 -0.2641 -0.0257
vtn -9.31318 13.6927 0.133538 0.632474 0.607553 -0.2039 0.7996 -0.5649
vtn -7.38485 14.2208 0.184887 0.511362 0.7925 -0.2039 0.7996 -0.5649
vtn -7.04548 13.142 -1.46467 0.326415 0.558875 -0.2039 0.7996 -0.5649
vtn -7.38485 14.2208 0.184887 0.511362 0.7925 0.9642 0.2641 0.0257
vtn -6.97698 12.6216 1.31464 0.390251 0.977447 0.9642 0.2641 0.0257
vtn -6.63761 11.5428 -0.334916 0.205304 0.743823 0.9642 0.2641 0.0257
vtn -8.97381 12.6139 -1.51601 0.447526 0.373928 0.1697 -0.5394 -0.8248
vtn -7.04548 13.142 -1.46467 0.326415 0.558875 0.1697 -0.5394 -0.8248
vtn -6.63761 11.5428 -0.334916 0.141468 0.325251 0.1697 -0.5394 -0.8248
vtn -8.90531 12.0935 1.26329 0.817421 0.841178 -0.1697 0.5394 0.8248
vtn -6.97698 12.6216 1.31464 0.69631 1.02612 -0.1697 0.5394 0.8248
vtn -7.38485 14.2208 0.184887 0.511362 0.7925 -0.1697 0.5394 0.8248
vtn -7.58878 15.0203 -0.379959 0.874696 0.237659 0.2039 -0.7996 0.5649
vtn -9.51711 14.4922 -0.431305 0.753585 0.422606 0.2039 -0.7996 0.5649
vtn -9.17774 13.4134 -2.08086 0.568637 0.188981 0.2039 -0.7996 0.5649
vtn -9.17774 13.4134 -2.08086 0.568637 0.188981 -0.9642 -0.2641 -0.0257
vtn -9.51711 14.4922 -0.431305 0.753585 0.422606 -0.9642 -0.2641 -0.0257
vtn -9.92498 16.0913 -1.56106 0.632474 0.607553 -0.9642 -0.2641 -0.0257
vtn -9.92498 16.0913 -1.56106 0.632474 0.607553 -0.2039 0.7996 -0.5649
vtn -7.99665 16.6195 -1.50971 0.511362 0.7925 -0.2039 0.7996 -0.5649
vtn -7.65728 15.5407 -3.15926 0.326415 0.558875 -0.2039 0.7996 -0.5649
vtn -7.99665 16.6195 -1.50971 0.511362 0.7925 0.9642 0.2641 0.0257
vtn -7.58878 15.0203 -0.379959 0.390251 0.977447 0.9642 0.2641 0.0257
vtn -7.24941 13.9415 -2.02951 0.205304 0.743823 0.9642 0.2641 0.0257
vtn -9.17774 13.4134 -2.08086 0.262579 0.140304 0.1697 -0.5394 -0.8248
vtn -9.58561 15.0126 -3.21061 0.447526 0.373928 0.1697 -0.5394 -0.8248
vtn -7.65728 15.5407 -3.15926 0.326415 0.558875 0.1697 -0.5394 -0.8248
vtn -9.51711 14.4922 -0.431305 0.817421 0.841178 -0.1697 0.5394 0.8248
vtn -7.58878 15.0203 -0.379959 0.69631 1.02612 -0.1697 0.5394 0.8248
vtn -7.99665 16.6195 -1.50971 0.511362 0.7925 -0.1697 0.5394 0.8248
vtn -9.86278 20.1143 6.72796 0.689749 0.004034 -0.3296 0.9428 -0.0502
vtn -9.18023 20.2531 4.85317 0.874696 0.237659 -0.3296 0.9428 -0.0502
vtn -10.9408 19.601 4.16392 0.753585 0.422606 -0.3296 0.9428 -0.0502
vtn -11.6234 19.4622 6.03872 0.568637 0.188981 -0.8803 -0.3261 -0.3446
vtn -10.9408 19.601 4.16392 0.753585 0.422606 -0.8803 -0.3261 -0.3446
vtn -10.2817 17.7154 4.2643 0.632474 0.607553 -0.8803 -0.3261 -0.3446
vtn -10.2817 17.7154 4.2643 0.632474 0.607553 0.3296 -0.9428 0.0502
vtn -8.5211 18.3675 4.95355 0.511362 0.7925 0.3296 -0.9428 0.0502
vtn -9.20365 18.2287 6.82834 0.326415 0.558875 0.3296 -0.9428 0.0502
vtn -8.5211 18.3675 4.95355 0.511362 0.7925 0.8803 0.3261 0.3446
vtn -9.18023 20.2531 4.85317 0.390251 0.977447 0.8803 0.3261 0.3446
vtn -9.86278 20.1143 6.72796 0.205304 0.743823 0.8803 0.3261 0.3446
vtn -10.9642 17.5766 6.1391 0.447526 0.373928 -0.3413 -0.0694 0.9374
vtn -9.20365 18.2287 6.82834 0.326415 0.558875 -0.3413 -0.0694 0.9374
vtn -9.86278 20.1143 6.72796 0.141468 0.325251 -0.3413 -0.0694 0.9374
vtn -10.9408 19.601 4.16392 0.817421 0.841178 0.3413 0.0694 -0.9374
vtn -9.18023 20.2531 4.85317 0.69631 1.02612 0.3413 0.0694 -0.9374
vtn -8.5211 18.3675 4.95355 0.511362 0.7925 0.3413 0.0694 -0.9374
vtn -11.0736 21.4645 8.51851 0.689749 0.004034 -0.3296 0.9428 -0.0502
vtn -10.3911 21.6033 6.64372 0.874696 0.237659 -0.3296 0.9428 -0.0502
vtn -12.1517 20.9512 5.95447 0.753585 0.422606 -0.3296 0.9428 -0.0502
vtn -12.8342 20.8124 7.82927 0.568637 0.188981 -0.8803 -0.3261 -0.3446
vtn -12.1517 20.9512 5.95447 0.753585 0.422606 -0.8803 -0.3261 -0.3446
vtn -11.4926 19.0656 6.05485 0.632474 0.607553 -0.8803 -0.3261 -0.3446
vtn -11.4926 19.0656 6.05485 0.632474 0.607553 0.3296 -0.9428 0.0502
vtn -9.73196 19.7177 6.7441 0.511362 0.7925 0.3296 -0.9428 0.0502
vtn -10.4145 19.5789 8.61889 0.326415 0.558875 0.3296 -0.9428 0.0502
vtn -9.73196 19.7177 6.7441 0.511362 0.7925 0.8803 0.3261 0.3446
vtn -10.3911 21.6033 6.64372 0.390251 0.977447 0.8803 0.3261 0.3446
vtn -11.0736 21.4645 8.51851 0.205304 0.743823 0.8803 0.3261 0.3446
vtn -12.1751 18.9268 7.92965 0.447526 0.373928 -0.3413 -0.0694 0.9374
vtn -10.4145 19.5789 8.61889 0.326415 0.558875 -0.3413 -0.0694 0.9374
vtn -11.0736 21.4645 8.51851 0.141468 0.325251 -0.3413 -0.0694 0.9374
vtn -12.1517 20.9512 5.95447 0.817421 0.841178 0.3413 0.0694 -0.9374
vtn -10.3911 21.6033 6.64372 0.69631 1.02612 0.3413 0.0694 -0.9374
vtn -9.73196 19.7177 6.7441 0.511362 0.7925 0.3413 0.0694 -0.9374
vtn -9.40242 18.775 6.79428 0.874696 0.237659 -0.3296 0.9428 -0.0502
vtn -11.163 18.1229 6.10504 0.753585 0.422606 -0.3296 0.9428 -0.0502
vtn -11.8456 17.9841 7.97984 0.568637 0.188981 -0.3296 0.9428 -0.0502
vtn -11.8456 17.9841 7.97984 0.568637 0.188981 -0.8803 -0.3261 -0.3446
vtn -11.163 18.1229 6.10504 0.753585 0.422606 -0.8803 -0.3261 -0.3446
vtn -10.5039 16.2373 6.20542 0.632474 0.607553 -0.8803 -0.3261 -0.3446
vtn -10.5039 16.2373 6.20542 0.632474 0.607553 0.3296 -0.9428 0.0502
vtn -8.74329 16.8894 6.89466 0.511362 0.7925 0.3296 -0.9428 0.0502
vtn -9.42584 16.7506 8.76946 0.326415 0.558875 0.3296 -0.9428 0.0502
vtn -9.42584 16.7506 8.76946 0.326415 0.558875 0.8803 0.3261 0.3446
vtn -8.74329 16.8894 6.89466 0.511362 0.7925 0.8803 0.3261 0.3446
vtn -9.40242 18.775 6.79428 0.390251 0.977447 0.8803 0.3261 0.3446
vtn -11.1864 16.0985 8.08022 0.447526 0.373928 -0.3413 -0.0694 0.9374
vtn -9.42584 16.7506 8.76946 0.326415 0.558875 -0.3413 -0.0694 0.9374
vtn -10.085 18.6362 8.66908 0.141468 0.325251 -0.3413 -0.0694 0.9374
vtn -11.163 18.1229 6.10504 0.817421 0.841178 0.3413 0.0694 -0.9374
vtn -9.40242 18.775 6.79428 0.69631 1.02612 0.3413 0.0694 -0.9374
vtn -8.74329 16.8894 6.89466 0.511362 0.7925 0.3413 0.0694 -0.9374
vtn -11.8 17.7078 13.7357 0.874696 0.237659 -0.5374 0.717 0.4439
vtn -10.2045 18.9137 13.7193 0.753585 0.422606 -0.5374 0.717 0.4439
vtn -10.7516 19.6132 11.9273 0.568637 0.188981 -0.5374 0.717 0.4439
vtn -10.2045 18.9137 13.7193 0.753585 0.422606 0.7977 0.6029 -0.0082
vtn -9.12976 17.4796 12.8314 0.632474 0.607553 0.7977 0.6029 -0.0082
vtn -9.67684 18.1791 11.0394 0.447526 0.373928 0.7977 0.6029 -0.0082
vtn -9.67684 18.1791 11.0394 0.447526 0.373928 0.5374 -0.717 -0.4439
vtn -9.12976 17.4796 12.8314 0.632474 0.607553 0.5374 -0.717 -0.4439
vtn -10.7252 16.2737 12.8478 0.511362 0.7925 0.5374 -0.717 -0.4439
vtn -11.2723 16.9732 11.0558 0.326415 0.558875 -0.7977 -0.6029 0.0082
vtn -10.7252 16.2737 12.8478 0.511362 0.7925 -0.7977 -0.6029 0.0082
vtn -11.8 17.7078 13.7357 0.390251 0.977447 -0.7977 -0.6029 0.0082
vtn -9.67684 18.1791 11.0394 0.447526 0.373928 -0.2735 0.3498 -0.896
vtn -11.2723 16.9732 11.0558 0.326415 0.558875 -0.2735 0.3498 -0.896
vtn -12.3471 18.4073 11.9437 0.141468 0.325251 -0.2735 0.3498 -0.896
vtn -9.12976 17.4796 12.8314 0.632474 0.607553 0.2735 -0.3498 0.896
vtn -10.2045 18.9137 13.7193 0.817421 0.841178 0.2735 -0.3498 0.896
vtn -11.8 17.7078 13.7357 0.69631 1.02612 0.2735 -0.3498 0.896
vtn -13.1899 19.5462 12.6478 0.874696 0.237659 -0.5374 0.717 0.4439
vtn -11.5945 20.7521 12.6314 0.753585 0.422606 -0.5374 0.717 0.4439
vtn -12.1415 21.4516 10.8394 0.568637 0.188981 -0.5374 0.717 0.4439
vtn -12.1415 21.4516 10.8394 0.568637 0.188981 0.7977 0.6029 -0.0082
vtn -11.5945 20.7521 12.6314 0.753585 0.422606 0.7977 0.6029 -0.0082
vtn -10.5197 19.3181 11.7435 0.632474 0.607553 0.7977 0.6029 -0.0082
vtn -11.0668 20.0176 9.95151 0.447526 0.373928 0.5374 -0.717 -0.4439
vtn -10.5197 19.3181 11.7435 0.632474 0.607553 0.5374 -0.717 -0.4439
vtn -12.1152 18.1122 11.7599 0.511362 0.7925 0.5374 -0.717 -0.4439
vtn -12.1152 18.1122 11.7599 0.511362 0.7925 -0.7977 -0.6029 0.0082
vtn -13.1899 19.5462 12.6478 0.390251 0.977447 -0.7977 -0.6029 0.0082
vtn -13.737 20.2457 10.8557 0.205304 0.743823 -0.7977 -0.6029 0.0082
vtn -11.0668 20.0176 9.95151 0.447526 0.373928 -0.2735 0.3498 -0.896
vtn -12.6622 18.8117 9.96786 0.326415 0.558875 -0.2735 0.3498 -0.896
vtn -13.737 20.2457 10.8557 0.141468 0.325251 -0.2735 0.3498 -0.896
vtn -10.5197 19.3181 11.7435 0.632474 0.607553 0.2735 -0.3498 0.896
vtn -11.5945 20.7521 12.6314 0.817421 0.841178 0.2735 -0.3498 0.896
vtn -13.1899 19.5462 12.6478 0.69631 1.02612 0.2735 -0.3498 0.896
vtn -12.1249 18.0947 9.52394 0.689749 0.004034 -0.5374 0.717 0.4439
vtn -11.5778 17.3952 11.316 0.874696 0.237659 -0.5374 0.717 0.4439
vtn -9.98232 18.6011 11.2996 0.753585 0.422606 -0.5374 0.717 0.4439
vtn -9.98232 18.6011 11.2996 0.753585 0.422606 0.7977 0.6029 -0.0082
vtn -8.90754 17.167 10.4117 0.632474 0.607553 0.7977 0.6029 -0.0082
vtn -9.45462 17.8666 8.6197 0.447526 0.373928 0.7977 0.6029 -0.0082
vtn -9.45462 17.8666 8.6197 0.447526 0.373928 0.5374 -0.717 -0.4439
vtn -8.90754 17.167 10.4117 0.632474 0.607553 0.5374 -0.717 -0.4439
vtn -10.503 15.9612 10.4281 0.511362 0.7925 0.5374 -0.717 -0.4439
vtn -11.0501 16.6607 8.63605 0.326415 0.558875 -0.7977 -0.6029 0.0082
vtn -10.503 15.9612 10.4281 0.511362 0.7925 -0.7977 -0.6029 0.0082
vtn -11.5778 17.3952 11.316 0.390251 0.977447 -0.7977 -0.6029 0.0082
vtn -9.45462 17.8666 8.6197 0.447526 0.373928 -0.2735 0.3498 -0.896
vtn -11.0501 16.6607 8.63605 0.326415 0.558875 -0.2735 0.3498 -0.896
vtn -12.1249 18.0947 9.52394 0.141468 0.325251 -0.2735 0.3498 -0.896
vtn -9.98232 18.6011 11.2996 0.817421 0.841178 0.2735 -0.3498 0.896
vtn -11.5778 17.3952 11.316 0.69631 1.02612 0.2735 -0.3498 0.896
vtn -10.503 15.9612 10.4281 0.511362 0.7925 0.2735 -0.3498 0.896
vtn -12.2045 21.4403 2.64253 0.874696 0.237659 -0.4073 -0.5218 0.7495
vtn -11.6812 19.7344 1.73922 0.753585 0.422606 -0.4073 -0.5218 0.7495
vtn -9.93119 19.7587 2.70706 0.568637 0.188981 -0.4073 -0.5218 0.7495
vtn -11.6812 19.7344 1.73922 0.753585 0.422606 0.2616 -0.853 -0.4517
vtn -10.8667 20.778 0.240114 0.632474 0.607553 0.2616 -0.853 -0.4517
vtn -9.11662 20.8023 1.20796 0.447526 0.373928 0.2616 -0.853 -0.4517
vtn -9.11662 20.8023 1.20796 0.447526 0.373928 0.4073 0.5218 -0.7495
vtn -10.8667 20.778 0.240114 0.632474 0.607553 0.4073 0.5218 -0.7495
vtn -11.3899 22.4839 1.14342 0.511362 0.7925 0.4073 0.5218 -0.7495
vtn -9.63988 22.5082 2.11127 0.326415 0.558875 -0.2616 0.853 0.4517
vtn -11.3899 22.4839 1.14342 0.511362 0.7925 -0.2616 0.853 0.4517
vtn -12.2045 21.4403 2.64253 0.390251 0.977447 -0.2616 0.853 0.4517
vtn -9.11662 20.8023 1.20796 0.447526 0.373928 0.875 0.0122 0.4839
vtn -9.63988 22.5082 2.11127 0.326415 0.558875 0.875 0.0122 0.4839
vtn -10.4544 21.4646 3.61037 0.141468 0.325251 0.875 0.0122 0.4839
vtn -11.6812 19.7344 1.73922 0.817421 0.841178 -0.875 -0.0122 -0.4839
vtn -12.2045 21.4403 2.64253 0.69631 1.02612 -0.875 -0.0122 -0.4839
vtn -11.3899 22.4839 1.14342 0.511362 0.7925 -0.875 -0.0122 -0.4839
vtn -9.3483 20.6559 5.7593 0.689749 0.004034 -0.4073 -0.5218 0.7496
vtn -11.0984 20.6316 4.79145 0.874696 0.237659 -0.4073 -0.5218 0.7496
vtn -10.5751 18.9257 3.88814 0.753585 0.422606 -0.4073 -0.5218 0.7496
vtn -8.82504 18.95 4.85599 0.568637 0.188981 0.2616 -0.853 -0.4517
vtn -10.5751 18.9257 3.88814 0.753585 0.422606 0.2616 -0.853 -0.4517
vtn -9.76053 19.9693 2.38904 0.632474 0.607553 0.2616 -0.853 -0.4517
vtn -8.01047 19.9936 3.35689 0.447526 0.373928 0.4073 0.5218 -0.7496
vtn -9.76053 19.9693 2.38904 0.632474 0.607553 0.4073 0.5218 -0.7496
vtn -10.2838 21.6753 3.29235 0.511362 0.7925 0.4073 0.5218 -0.7496
vtn -8.53373 21.6996 4.2602 0.326415 0.558875 -0.2616 0.853 0.4517
vtn -10.2838 21.6753 3.29235 0.511362 0.7925 -0.2616 0.853 0.4517
vtn -11.0984 20.6316 4.79145 0.390251 0.977447 -0.2616 0.853 0.4517
vtn -8.01047 19.9936 3.35689 0.447526 0.373928 0.875 0.0122 0.4839
vtn -8.53373 21.6996 4.2602 0.326415 0.558875 0.875 0.0122 0.4839
vtn -9.3483 20.6559 5.7593 0.141468 0.325251 0.875 0.0122 0.4839
vtn -9.76053 19.9693 2.38904 0.632474 0.607553 -0.875 -0.0122 -0.4839
vtn -10.5751 18.9257 3.88814 0.817421 0.841178 -0.875 -0.0122 -0.4839
vtn -11.0984 20.6316 4.79145 0.69631 1.02612 -0.875 -0.0122 -0.4839
vtn -8.12647 22.2214 3.51069 0.689749 0.004034 -0.4073 -0.5218 0.7496
vtn -9.87652 22.1971 2.54284 0.874696 0.237659 -0.4073 -0.5218 0.7496
vtn -9.35326 20.4911 1.63953 0.753585 0.422606 -0.4073 -0.5218 0.7496
vtn -7.60321 20.5154 2.60738 0.568637 0.188981 0.2616 -0.853 -0.4517
vtn -9.35326 20.4911 1.63953 0.753585 0.422606 0.2616 -0.853 -0.4517
vtn -8.53869 21.5348 0.140429 0.632474 0.607553 0.2616 -0.853 -0.4517
vtn -6.78864 21.5591 1.10828 0.447526 0.373928 0.4073 0.5218 -0.7495
vtn -8.53869 21.5348 0.140429 0.632474 0.607553 0.4073 0.5218 -0.7495
vtn -9.06195 23.2407 1.04374 0.511362 0.7925 0.4073 0.5218 -0.7495
vtn -9.06195 23.2407 1.04374 0.511362 0.7925 -0.2616 0.853 0.4517
vtn -9.87652 22.1971 2.54284 0.390251 0.977447 -0.2616 0.853 0.4517
vtn -8.12647 22.2214 3.51069 0.205304 0.743823 -0.2616 0.853 0.4517
vtn -6.78864 21.5591 1.10828 0.447526 0.373928 0.875 0.0122 0.4839
vtn -7.31189 23.265 2.01159 0.326415 0.558875 0.875 0.0122 0.4839
vtn -8.12647 22.2214 3.51069 0.141468 0.325251 0.875 0.0122 0.4839
vtn -9.35326 20.4911 1.63953 0.817421 0.841178 -0.875 -0.0122 -0.4839
vtn -9.87652 22.1971 2.54284 0.69631 1.02612 -0.875 -0.0122 -0.4839
vtn -9.06195 23.2407 1.04374 0.511362 0.7925 -0.875 -0.0122 -0.4839
vtn -7.71989 10.8339 4.04244 0.874696 0.237659 0.0975 -0.834 0.5431
vtn -9.70706 10.6079 4.05199 0.753585 0.422606 0.0975 -0.834 0.5431
vtn -9.59228 9.5276 2.37275 0.568637 0.188981 0.0975 -0.834 0.5431
vtn -9.70706 10.6079 4.05199 0.753585 0.422606 -0.9936 -0.113 0.0048
vtn -9.90198 12.2758 2.9657 0.632474 0.607553 -0.9936 -0.113 0.0048
vtn -9.7872 11.1955 1.28645 0.447526 0.373928 -0.9936 -0.113 0.0048
vtn -9.90198 12.2758 2.9657 0.632474 0.607553 -0.0975 0.834 -0.5431
vtn -7.91481 12.5018 2.95614 0.511362 0.7925 -0.0975 0.834 -0.5431
vtn -7.80003 11.4215 1.2769 0.326415 0.558875 -0.0975 0.834 -0.5431
vtn -7.80003 11.4215 1.2769 0.326415 0.558875 0.9936 0.113 -0.0048
vtn -7.91481 12.5018 2.95614 0.511362 0.7925 0.9936 0.113 -0.0048
vtn -7.71989 10.8339 4.04244 0.390251 0.977447 0.9936 0.113 -0.0048
vtn -9.7872 11.1955 1.28645 0.447526 0.373928 0.0574 -0.5401 -0.8396
vtn -7.80003 11.4215 1.2769 0.326415 0.558875 0.0574 -0.5401 -0.8396
vtn -7.60511 9.7536 2.36319 0.141468 0.325251 0.0574 -0.5401 -0.8396
vtn -9.90198 12.2758 2.9657 0.632474 0.607553 -0.0574 0.5401 0.8396
vtn -9.70706 10.6079 4.05199 0.817421 0.841178 -0.0574 0.5401 0.8396
vtn -7.71989 10.8339 4.04244 0.69631 1.02612 -0.0574 0.5401 0.8396
vtn -7.45956 8.43423 3.22427 0.874696 0.237659 0.0975 -0.834 0.5431
vtn -9.44673 8.20823 3.23382 0.753585 0.422606 0.0975 -0.834 0.5431
vtn -9.33195 7.12798 1.55458 0.568637 0.188981 0.0975 -0.834 0.5431
vtn -9.44673 8.20823 3.23382 0.753585 0.422606 -0.9936 -0.113 0.0048
vtn -9.64165 9.87616 2.14753 0.632474 0.607553 -0.9936 -0.113 0.0048
vtn -9.52687 8.7959 0.468284 0.447526 0.373928 -0.9936 -0.113 0.0048
vtn -9.64165 9.87616 2.14753 0.632474 0.607553 -0.0975 0.834 -0.5431
vtn -7.65448 10.1022 2.13797 0.511362 0.7925 -0.0975 0.834 -0.5431
vtn -7.5397 9.0219 0.458725 0.326415 0.558875 -0.0975 0.834 -0.5431
vtn -7.65448 10.1022 2.13797 0.511362 0.7925 0.9936 0.113 -0.0048
vtn -7.45956 8.43423 3.22427 0.390251 0.977447 0.9936 0.113 -0.0048
vtn -7.34478 7.35398 1.54502 0.205304 0.743823 0.9936 0.113 -0.0048
vtn -9.33195 7.12798 1.55458 0.262579 0.140304 0.0574 -0.5401 -0.8396
vtn -9.52687 8.7959 0.468284 0.447526 0.373928 0.0574 -0.5401 -0.8396
vtn -7.5397 9.0219 0.458725 0.326415 0.558875 0.0574 -0.5401 -0.8396
vtn -9.44673 8.20823 3.23382 0.817421 0.841178 -0.0574 0.5401 0.8396
vtn -7.45956 8.43423 3.22427 0.69631 1.02612 -0.0574 0.5401 0.8396
vtn -7.65448 10.1022 2.13797 0.511362 0.7925 -0.0574 0.5401 0.8396
vtn -7.63715 9.85582 -0.08439 0.689749 0.004034 0.0975 -0.834 0.5431
vtn -7.75193 10.9361 1.59486 0.874696 0.237659 0.0975 -0.834 0.5431
vtn -9.7391 10.7101 1.60442 0.753585 0.422606 0.0975 -0.834 0.5431
vtn -9.62432 9.62982 -0.074834 0.568637 0.188981 -0.9936 -0.113 0.0048
vtn -9.7391 10.7101 1.60442 0.753585 0.422606 -0.9936 -0.113 0.0048
vtn -9.93402 12.378 0.518123 0.632474 0.607553 -0.9936 -0.113 0.0048
vtn -9.93402 12.378 0.518123 0.632474 0.607553 -0.0975 0.834 -0.5431
vtn -7.94685 12.604 0.508565 0.511362 0.7925 -0.0975 0.834 -0.5431
vtn -7.83207 11.5237 -1.17069 0.326415 0.558875 -0.0975 0.834 -0.5431
vtn -7.94685 12.604 0.508565 0.511362 0.7925 0.9936 0.113 -0.0048
vtn -7.75193 10.9361 1.59486 0.390251 0.977447 0.9936 0.113 -0.0048
vtn -7.63715 9.85582 -0.08439 0.205304 0.743823 0.9936 0.113 -0.0048
vtn -9.62432 9.62982 -0.074834 0.262579 0.140304 0.0574 -0.5401 -0.8396
vtn -9.81924 11.2977 -1.16113 0.447526 0.373928 0.0574 -0.5401 -0.8396
vtn -7.83207 11.5237 -1.17069 0.326415 0.558875 0.0574 -0.5401 -0.8396
vtn -9.7391 10.7101 1.60442 0.817421 0.841178 -0.0574 0.5401 0.8396
vtn -7.75193 10.9361 1.59486 0.69631 1.02612 -0.0574 0.5401 0.8396
vtn -7.94685 12.604 0.508565 0.511362 0.7925 -0.0574 0.5401 0.8396
