vtn 17.8958 13.4014 12.8355 0.874696 0.237659 -0.048 -0.3695 0.928
vtn 16.1789 11.3451 11.928 0.568637 0.188981 -0.048 -0.3695 0.928
vtn 18.1591 11.5548 12.1139 0.689749 0.004034 -0.048 -0.3695 0.928
vtn 15.9156 13.1917 12.6497 0.753585 0.422606 -0.9901 -0.1049 -0.0929
vtn 16.2748 12.0841 10.072 0.447526 0.373928 -0.9901 -0.1049 -0.0929
vtn 16.1789 11.3451 11.928 0.568637 0.188981 -0.9901 -0.1049 -0.0929
vtn 16.0115 13.9307 10.7937 0.632474 0.607553 0.048 0.3695 -0.928
vtn 18.255 12.2938 10.2579 0.326415 0.558875 0.048 0.3695 -0.928
vtn 16.2748 12.0841 10.072 0.447526 0.373928 0.048 0.3695 -0.928
vtn 17.9917 14.1404 10.9795 0.511362 0.7925 0.9901 0.1049 0.0929
vtn 18.1591 11.5548 12.1139 0.205304 0.743823 0.9901 0.1049 0.0929
vtn 18.255 12.2938 10.2579 0.326415 0.558875 0.9901 0.1049 0.0929
vtn 16.2748 12.0841 10.072 0.447526 0.373928 0.1316 -0.9233 -0.3608
vtn 18.1591 11.5548 12.1139 0.141468 0.325251 0.1316 -0.9233 -0.3608
vtn 16.1789 11.3451 11.928 0.262579 0.140304 0.1316 -0.9233 -0.3608
vtn 15.9156 13.1917 12.6497 0.817421 0.841178 -0.1316 0.9233 0.3608
vtn 17.9917 14.1404 10.9795 0.511362 0.7925 -0.1316 0.9233 0.3608
vtn 16.0115 13.9307 10.7937 0.632474 0.607553 -0.1316 0.9233 0.3608
vtn 18.0745 10.9711 13.582 0.874696 0.237659 -0.048 -0.3695 0.928
vtn 16.3575 8.91482 12.6745 0.568637 0.188981 -0.048 -0.3695 0.928
vtn 18.3378 9.12455 12.8604 0.689749 0.004034 -0.048 -0.3695 0.928
vtn 16.0942 10.7614 13.3962 0.753585 0.422606 -0.9901 -0.1049 -0.0929
vtn 16.4534 9.65383 10.8185 0.447526 0.373928 -0.9901 -0.1049 -0.0929
vtn 16.3575 8.91482 12.6745 0.568637 0.188981 -0.9901 -0.1049 -0.0929
vtn 16.1901 11.5004 11.5402 0.632474 0.607553 0.048 0.3695 -0.928
vtn 18.4337 9.86356 11.0044 0.326415 0.558875 0.048 0.3695 -0.928
vtn 16.4534 9.65383 10.8185 0.447526 0.373928 0.048 0.3695 -0.928
vtn 18.1704 11.7101 11.7261 0.511362 0.7925 0.9901 0.1049 0.0929
vtn 18.3378 9.12455 12.8604 0.205304 0.743823 0.9901 0.1049 0.0929
vtn 18.4337 9.86356 11.0044 0.326415 0.558875 0.9901 0.1049 0.0929
vtn 16.4534 9.65383 10.8185 0.447526 0.373928 0.1317 -0.9233 -0.3608
vtn 18.3378 9.12455 12.8604 0.141468 0.325251 0.1317 -0.9233 -0.3608
vtn 16.3575 8.91482 12.6745 0.262579 0.140304 0.1317 -0.9233 -0.3608
vtn 16.0942 10.7614 13.3962 0.817421 0.841178 -0.1317 0.9233 0.3608
vtn 18.1704 11.7101 11.7261 0.511362 0.7925 -0.1317 0.9233 0.3608
vtn 16.1901 11.5004 11.5402 0.632474 0.607553 -0.1316 0.9233 0.3608
vtn 18.2183 12.0796 10.7981 0.874696 0.237659 -0.048 -0.3695 0.928
vtn 16.5014 10.0233 9.89061 0.568637 0.188981 -0.048 -0.3695 0.928
vtn 18.4816 10.233 10.0765 0.689749 0.004034 -0.048 -0.3695 0.928
vtn 16.2381 11.8699 10.6123 0.753585 0.422606 -0.9901 -0.1049 -0.0929
vtn 16.5973 10.7623 8.03463 0.447526 0.373928 -0.9901 -0.1049 -0.0929
vtn 16.5014 10.0233 9.89061 0.568637 0.188981 -0.9901 -0.1049 -0.0929
vtn 16.334 12.6089 8.75628 0.632474 0.607553 0.048 0.3695 -0.928
vtn 18.5776 10.972 8.22048 0.326415 0.558875 0.048 0.3695 -0.928
vtn 16.5973 10.7623 8.03463 0.447526 0.373928 0.048 0.3695 -0.928
vtn 18.3143 12.8186 8.94213 0.511362 0.7925 0.9901 0.1049 0.0929
vtn 18.4816 10.233 10.0765 0.205304 0.743823 0.9901 0.1049 0.0929
vtn 18.5776 10.972 8.22048 0.326415 0.558875 0.9901 0.1049 0.0929
vtn 16.5973 10.7623 8.03463 0.447526 0.373928 0.1316 -0.9233 -0.3608
vtn 18.4816 10.233 10.0765 0.141468 0.325251 0.1316 -0.9233 -0.3608
vtn 16.5014 10.0233 9.89061 0.262579 0.140304 0.1316 -0.9233 -0.3608
vtn 16.2381 11.8699 10.6123 0.817421 0.841178 -0.1317 0.9233 0.3608
vtn 18.3143 12.8186 8.94213 0.511362 0.7925 -0.1317 0.9233 0.3608
vtn 16.334 12.6089 8.75628 0.632474 0.607553 -0.1317 0.9233 0.3608
vtn 17.9003 12.7185 7.91666 0.689749 0.004034 -0.0008 0.553 0.8332
vtn 15.658 14.1538 6.96176 0.753585 0.422606 -0.0008 0.553 0.8332
vtn 15.9172 12.5016 8.05861 0.568637 0.188981 -0.0008 0.553 0.8332
vtn 15.658 14.1538 6.96176 0.753585 0.422606 -0.9916 -0.1084 0.071
vtn 15.9189 11.3956 6.39224 0.447526 0.373928 -0.9916 -0.1084 0.071
vtn 15.9172 12.5016 8.05861 0.568637 0.188981 -0.9916 -0.1084 0.071
vtn 15.9189 11.3956 6.39224 0.447526 0.373928 0.0008 -0.553 -0.8332
vtn 17.6428 13.2647 5.15344 0.511362 0.7925 0.0008 -0.553 -0.8332
vtn 17.902 11.6125 6.25029 0.326415 0.558875 0.0008 -0.553 -0.8332
vtn 17.902 11.6125 6.25029 0.326415 0.558875 0.9916 0.1084 -0.071
vtn 17.6411 14.3706 6.81981 0.390251 0.977447 0.9916 0.1084 -0.071
vtn 17.9003 12.7185 7.91666 0.205304 0.743823 0.9916 0.1084 -0.071
vtn 15.9189 11.3956 6.39224 0.447526 0.373928 0.1296 -0.8261 0.5484
vtn 17.9003 12.7185 7.91666 0.141468 0.325251 0.1296 -0.8261 0.5484
vtn 15.9172 12.5016 8.05861 0.262579 0.140304 0.1296 -0.8261 0.5484
vtn 15.658 14.1538 6.96176 0.817421 0.841178 -0.1296 0.8261 -0.5484
vtn 17.6428 13.2647 5.15344 0.511362 0.7925 -0.1296 0.8261 -0.5484
vtn 15.6597 13.0478 5.29539 0.632474 0.607553 -0.1296 0.8261 -0.5484
vtn 18.1494 11.9419 10.3313 0.689749 0.004034 -0.0008 0.553 0.8332
vtn 15.9071 13.3772 9.37636 0.753585 0.422606 -0.0008 0.553 0.8332
vtn 16.1663 11.725 10.4732 0.568637 0.188981 -0.0008 0.553 0.8332
vtn 15.9071 13.3772 9.37636 0.753585 0.422606 -0.9916 -0.1084 0.071
vtn 16.168 10.619 8.80685 0.447526 0.373928 -0.9916 -0.1084 0.071
vtn 16.1663 11.725 10.4732 0.568637 0.188981 -0.9916 -0.1084 0.071
vtn 15.9088 12.2712 7.71 0.632474 0.607553 0.0008 -0.553 -0.8332
vtn 18.1511 10.8359 8.6649 0.326415 0.558875 0.0008 -0.553 -0.8332
vtn 16.168 10.619 8.80685 0.447526 0.373928 0.0008 -0.553 -0.8332
vtn 18.1511 10.8359 8.6649 0.326415 0.558875 0.9916 0.1084 -0.071
vtn 17.8902 13.5941 9.23442 0.390251 0.977447 0.9916 0.1084 -0.071
vtn 18.1494 11.9419 10.3313 0.205304 0.743823 0.9916 0.1084 -0.071
vtn 16.168 10.619 8.80685 0.447526 0.373928 0.1296 -0.8261 0.5484
vtn 18.1494 11.9419 10.3313 0.141468 0.325251 0.1296 -0.8261 0.5484
vtn 16.1663 11.725 10.4732 0.262579 0.140304 0.1296 -0.8261 0.5484
vtn 15.9071 13.3772 9.37636 0.817421 0.841178 -0.1296 0.8261 -0.5484
vtn 17.8919 12.4881 7.56805 0.511362 0.7925 -0.1296 0.8261 -0.5484
vtn 15.9088 12.2712 7.71 0.632474 0.607553 -0.1296 0.8261 -0.5484
vtn 18.1519 10.283 7.83176 0.689749 0.004034 -0.0008 0.553 0.8332
vtn 15.9096 11.7183 6.87686 0.753585 0.422606 -0.0008 0.553 0.8332
vtn 16.1688 10.0661 7.97371 0.568637 0.188981 -0.0008 0.553 0.8332
vtn 15.9096 11.7183 6.87686 0.753585 0.422606 -0.9916 -0.1084 0.071
vtn 16.1705 8.96009 6.30734 0.447526 0.373928 -0.9916 -0.1084 0.071
vtn 16.1688 10.0661 7.97371 0.568637 0.188981 -0.9916 -0.1084 0.071
vtn 16.1705 8.96009 6.30734 0.447526 0.373928 0.0008 -0.553 -0.8332
vtn 17.8944 10.8292 5.06855 0.511362 0.7925 0.0008 -0.553 -0.8332
vtn 18.1536 9.17697 6.16539 0.326415 0.558875 0.0008 -0.553 -0.8332
vtn 18.1536 9.17697 6.16539 0.326415 0.558875 0.9916 0.1084 -0.071
vtn 17.8927 11.9352 6.73491 0.390251 0.977447 0.9916 0.1084 -0.071
vtn 18.1519 10.283 7.83176 0.205304 0.743823 0.9916 0.1084 -0.071
vtn 16.1688 10.0661 7.97371 0.262579 0.140304 0.1296 -0.8261 0.5484
vtn 18.1536 9.17697 6.16539 0.326415 0.558875 0.1296 -0.8261 0.5484
vtn 18.1519 10.283 7.83176 0.141468 0.325251 0.1296 -0.8261 0.5484
vtn 15.9096 11.7183 6.87686 0.817421 0.841178 -0.1296 0.8261 -0.5484
vtn 17.8944 10.8292 5.06855 0.511362 0.7925 -0.1296 0.8261 -0.5484
vtn 15.9113 10.6123 5.21049 0.632474 0.607553 -0.1296 0.8261 -0.5484
vtn 16.8436 13.8334 5.58905 0.874696 0.237659 0.0199 0.1572 -0.9874
vtn 14.7266 15.6918 5.84226 0.568637 0.188981 0.0199 0.1572 -0.9874
vtn 16.7225 15.8052 5.90053 0.689749 0.004034 0.0199 0.1572 -0.9874
vtn 14.8477 13.7199 5.53078 0.753585 0.422606 -0.998 -0.0567 -0.0291
vtn 14.6868 15.3774 7.817 0.447526 0.373928 -0.998 -0.0567 -0.0291
vtn 14.7266 15.6918 5.84226 0.568637 0.188981 -0.998 -0.0567 -0.0291
vtn 14.6868 15.3774 7.817 0.447526 0.373928 -0.0199 -0.1572 0.9874
vtn 16.8039 13.519 7.56379 0.511362 0.7925 -0.0199 -0.1572 0.9874
vtn 16.6827 15.4909 7.87526 0.326415 0.558875 -0.0199 -0.1572 0.9874
vtn 16.8039 13.519 7.56379 0.511362 0.7925 0.998 0.0567 0.0291
vtn 16.7225 15.8052 5.90053 0.205304 0.743823 0.998 0.0567 0.0291
vtn 16.6827 15.4909 7.87526 0.326415 0.558875 0.998 0.0567 0.0291
vtn 14.6868 15.3774 7.817 0.447526 0.373928 -0.0606 0.9859 0.1557
vtn 16.7225 15.8052 5.90053 0.141468 0.325251 -0.0606 0.9859 0.1557
vtn 14.7266 15.6918 5.84226 0.262579 0.140304 -0.0606 0.9859 0.1557
vtn 14.8079 13.4056 7.50552 0.632474 0.607553 0.0606 -0.9859 -0.1557
vtn 16.8436 13.8334 5.58905 0.69631 1.02612 0.0606 -0.9859 -0.1557
vtn 16.8039 13.519 7.56379 0.511362 0.7925 0.0606 -0.9859 -0.1557
vtn 16.6244 18.0234 4.64925 0.689749 0.004034 0.0199 0.1572 -0.9874
vtn 14.7496 15.9381 4.2795 0.753585 0.422606 0.0199 0.1572 -0.9874
vtn 14.6284 17.9099 4.59098 0.568637 0.188981 0.0199 0.1572 -0.9874
vtn 14.6284 17.9099 4.59098 0.568637 0.188981 -0.998 -0.0567 -0.0291
vtn 14.7098 15.6237 6.25424 0.632474 0.607553 -0.998 -0.0567 -0.0291
vtn 14.5887 17.5956 6.56572 0.447526 0.373928 -0.998 -0.0567 -0.0291
vtn 14.5887 17.5956 6.56572 0.447526 0.373928 -0.0199 -0.1572 0.9874
vtn 16.7057 15.7371 6.31251 0.511362 0.7925 -0.0199 -0.1572 0.9874
vtn 16.5846 17.709 6.62398 0.326415 0.558875 -0.0199 -0.1572 0.9874
vtn 16.7057 15.7371 6.31251 0.511362 0.7925 0.998 0.0567 0.0291
vtn 16.6244 18.0234 4.64925 0.205304 0.743823 0.998 0.0567 0.0291
vtn 16.5846 17.709 6.62398 0.326415 0.558875 0.998 0.0567 0.0291
vtn 14.5887 17.5956 6.56572 0.447526 0.373928 -0.0606 0.9859 0.1557
vtn 16.6244 18.0234 4.64925 0.141468 0.325251 -0.0606 0.9859 0.1557
vtn 14.6284 17.9099 4.59098 0.262579 0.140304 -0.0606 0.9859 0.1557
vtn 14.7098 15.6237 6.25424 0.632474 0.607553 0.0606 -0.9859 -0.1557
vtn 16.7455 16.0515 4.33777 0.69631 1.02612 0.0606 -0.9859 -0.1557
vtn 16.7057 15.7371 6.31251 0.511362 0.7925 0.0606 -0.9859 -0.1557
vtn 16.6858 15.5799 7.29982 0.874696 0.237659 0.0199 0.1572 -0.9874
vtn 14.5688 17.4384 7.55303 0.568637 0.188981 0.0199 0.1572 -0.9874
vtn 16.5647 17.5518 7.6113 0.689749 0.004034 0.0199 0.1572 -0.9874
vtn 14.6899 15.4665 7.24155 0.753585 0.422606 -0.998 -0.0567 -0.0291
vtn 14.529 17.124 9.52777 0.447526 0.373928 -0.998 -0.0567 -0.0291
vtn 14.5688 17.4384 7.55303 0.568637 0.188981 -0.998 -0.0567 -0.0291
vtn 14.6501 15.1521 9.21629 0.632474 0.607553 -0.0199 -0.1572 0.9874
vtn 16.5249 17.2374 9.58603 0.326415 0.558875 -0.0199 -0.1572 0.9874
vtn 14.529 17.124 9.52777 0.447526 0.373928 -0.0199 -0.1572 0.9874
vtn 16.5249 17.2374 9.58603 0.326415 0.558875 0.998 0.0567 0.0291
vtn 16.6858 15.5799 7.29982 0.390251 0.977447 0.998 0.0567 0.0291
vtn 16.5647 17.5518 7.6113 0.205304 0.743823 0.998 0.0567 0.0291
vtn 14.5688 17.4384 7.55303 0.262579 0.140304 -0.0606 0.9859 0.1557
vtn 16.5249 17.2374 9.58603 0.326415 0.558875 -0.0606 0.9859 0.1557
vtn 16.5647 17.5518 7.6113 0.141468 0.325251 -0.0606 0.9859 0.1557
vtn 14.6899 15.4665 7.24155 0.817421 0.841178 0.0606 -0.9859 -0.1557
vtn 16.6461 15.2655 9.27456 0.511362 0.7925 0.0606 -0.9859 -0.1557
vtn 14.6501 15.1521 9.21629 0.632474 0.607553 0.0606 -0.9859 -0.1557
vtn 17.2046 15.613 11.2889 0.689749 0.004034 0.0123 -0.2576 0.9662
vtn 14.3929 15.8987 11.4008 0.753585 0.422606 0.0123 -0.2576 0.9662
vtn 15.6463 14.3968 10.9844 0.568637 0.188981 0.0123 -0.2576 0.9662
vtn 14.3929 15.8987 11.4008 0.753585 0.422606 -0.7792 -0.6081 -0.1523
vtn 15.6218 14.9121 9.05207 0.447526 0.373928 -0.7792 -0.6081 -0.1523
vtn 15.6463 14.3968 10.9844 0.568637 0.188981 -0.7792 -0.6081 -0.1523
vtn 15.6218 14.9121 9.05207 0.447526 0.373928 -0.0123 0.2576 -0.9662
vtn 15.9267 17.6301 9.77299 0.511362 0.7925 -0.0123 0.2576 -0.9662
vtn 17.1801 16.1282 9.35658 0.326415 0.558875 -0.0123 0.2576 -0.9662
vtn 15.9267 17.6301 9.77299 0.511362 0.7925 0.7792 0.6081 0.1523
vtn 17.2046 15.613 11.2889 0.205304 0.743823 0.7792 0.6081 0.1523
vtn 17.1801 16.1282 9.35658 0.326415 0.558875 0.7792 0.6081 0.1523
vtn 15.6218 14.9121 9.05207 0.447526 0.373928 0.6267 -0.7509 -0.2082
vtn 17.2046 15.613 11.2889 0.141468 0.325251 0.6267 -0.7509 -0.2082
vtn 15.6463 14.3968 10.9844 0.262579 0.140304 0.6267 -0.7509 -0.2082
vtn 14.3929 15.8987 11.4008 0.817421 0.841178 -0.6267 0.7509 0.2082
vtn 15.9267 17.6301 9.77299 0.511362 0.7925 -0.6267 0.7509 0.2082
vtn 14.3684 16.414 9.46848 0.632474 0.607553 -0.6267 0.7509 0.2082
vtn 17.2161 15.2016 12.8167 0.874696 0.237659 0.0123 -0.2576 0.9662
vtn 16.9112 12.4836 12.0957 0.568637 0.188981 0.0123 -0.2576 0.9662
vtn 18.4695 13.6997 12.4002 0.689749 0.004034 0.0123 -0.2576 0.9662
vtn 15.6578 13.9855 12.5121 0.753585 0.422606 -0.7792 -0.6081 -0.1523
vtn 16.8867 12.9989 10.1634 0.447526 0.373928 -0.7792 -0.6081 -0.1523
vtn 16.9112 12.4836 12.0957 0.568637 0.188981 -0.7792 -0.6081 -0.1523
vtn 16.8867 12.9989 10.1634 0.447526 0.373928 -0.0123 0.2576 -0.9662
vtn 17.1916 15.7169 10.8843 0.511362 0.7925 -0.0123 0.2576 -0.9662
vtn 18.445 14.215 10.4679 0.326415 0.558875 -0.0123 0.2576 -0.9662
vtn 18.445 14.215 10.4679 0.326415 0.558875 0.7792 0.6081 0.1523
vtn 17.2161 15.2016 12.8167 0.390251 0.977447 0.7792 0.6081 0.1523
vtn 18.4695 13.6997 12.4002 0.205304 0.743823 0.7792 0.6081 0.1523
vtn 16.8867 12.9989 10.1634 0.447526 0.373928 0.6267 -0.7509 -0.2082
vtn 18.4695 13.6997 12.4002 0.141468 0.325251 0.6267 -0.7509 -0.2082
vtn 16.9112 12.4836 12.0957 0.262579 0.140304 0.6267 -0.7509 -0.2082
vtn 15.6578 13.9855 12.5121 0.817421 0.841178 -0.6267 0.7509 0.2082
vtn 17.1916 15.7169 10.8843 0.511362 0.7925 -0.6267 0.7509 0.2082
vtn 15.6333 14.5008 10.5798 0.632474 0.607553 -0.6267 0.7509 0.2082
vtn 18.4327 14.4727 9.50181 0.689749 0.004034 0.0123 -0.2576 0.9662
vtn 15.621 14.7584 9.61371 0.753585 0.422606 0.0123 -0.2576 0.9662
vtn 16.8744 13.2565 9.19731 0.568637 0.188981 0.0123 -0.2576 0.9662
vtn 15.621 14.7584 9.61371 0.753585 0.422606 -0.7792 -0.6081 -0.1523
vtn 16.8499 13.7718 7.26498 0.447526 0.373928 -0.7792 -0.6081 -0.1523
vtn 16.8744 13.2565 9.19731 0.568637 0.188981 -0.7792 -0.6081 -0.1523
vtn 15.5964 15.2737 7.68139 0.632474 0.607553 -0.0123 0.2576 -0.9662
vtn 18.4082 14.9879 7.56949 0.326415 0.558875 -0.0123 0.2576 -0.9662
vtn 16.8499 13.7718 7.26498 0.447526 0.373928 -0.0123 0.2576 -0.9662
vtn 18.4082 14.9879 7.56949 0.326415 0.558875 0.7792 0.6081 0.1523
vtn 17.1793 15.9745 9.91822 0.390251 0.977447 0.7792 0.6081 0.1523
vtn 18.4327 14.4727 9.50181 0.205304 0.743823 0.7792 0.6081 0.1523
vtn 16.8499 13.7718 7.26498 0.447526 0.373928 0.6267 -0.7509 -0.2082
vtn 18.4327 14.4727 9.50181 0.141468 0.325251 0.6267 -0.7509 -0.2082
vtn 16.8744 13.2565 9.19731 0.262579 0.140304 0.6267 -0.7509 -0.2082
vtn 15.5964 15.2737 7.68139 0.632474 0.607553 -0.6267 0.7509 0.2082
vtn 17.1793 15.9745 9.91822 0.69631 1.02612 -0.6267 0.7509 0.2082
vtn 17.1548 16.4898 7.9859 0.511362 0.7925 -0.6267 0.7509 0.2082
vtn 17.2425 15.9565 4.37112 0.874696 0.237659 -0.0215 -0.0575 0.9981
vtn 15.62 13.6458 4.20313 0.568637 0.188981 -0.0215 -0.0575 0.9981
vtn 17.5893 13.9897 4.26531 0.689749 0.004034 -0.0215 -0.0575 0.9981
vtn 15.2733 15.6127 4.30894 0.753585 0.422606 -0.9846 -0.1719 -0.0311
vtn 15.663 13.7608 2.2069 0.447526 0.373928 -0.9846 -0.1719 -0.0311
vtn 15.62 13.6458 4.20313 0.568637 0.188981 -0.9846 -0.1719 -0.0311
vtn 15.3162 15.7277 2.3127 0.632474 0.607553 0.0215 0.0575 -0.9981
vtn 17.6322 14.1046 2.26908 0.326415 0.558875 0.0215 0.0575 -0.9981
vtn 15.663 13.7608 2.2069 0.447526 0.373928 0.0215 0.0575 -0.9981
vtn 17.2855 16.0715 2.37489 0.511362 0.7925 0.9846 0.1719 0.0311
vtn 17.5893 13.9897 4.26531 0.205304 0.743823 0.9846 0.1719 0.0311
vtn 17.6322 14.1046 2.26908 0.326415 0.558875 0.9846 0.1719 0.0311
vtn 15.663 13.7608 2.2069 0.447526 0.373928 0.1734 -0.9834 -0.0529
vtn 17.5893 13.9897 4.26531 0.141468 0.325251 0.1734 -0.9834 -0.0529
vtn 15.62 13.6458 4.20313 0.262579 0.140304 0.1734 -0.9834 -0.0529
vtn 15.2733 15.6127 4.30894 0.817421 0.841178 -0.1734 0.9834 0.0529
vtn 17.2855 16.0715 2.37489 0.511362 0.7925 -0.1734 0.9834 0.0529
vtn 15.3162 15.7277 2.3127 0.632474 0.607553 -0.1734 0.9834 0.0529
vtn 17.8932 11.9323 5.73855 0.689749 0.004034 -0.0215 -0.0575 0.9981
vtn 15.5772 13.5554 5.78217 0.753585 0.422606 -0.0215 -0.0575 0.9981
vtn 15.924 11.5885 5.67637 0.568637 0.188981 -0.0215 -0.0575 0.9981
vtn 15.5772 13.5554 5.78217 0.753585 0.422606 -0.9846 -0.1719 -0.0311
vtn 15.9669 11.7035 3.68014 0.447526 0.373928 -0.9846 -0.1719 -0.0311
vtn 15.924 11.5885 5.67637 0.568637 0.188981 -0.9846 -0.1719 -0.0311
vtn 15.9669 11.7035 3.68014 0.447526 0.373928 0.0215 0.0575 -0.9981
vtn 17.5894 14.0142 3.84812 0.511362 0.7925 0.0215 0.0575 -0.9981
vtn 17.9362 12.0473 3.74232 0.326415 0.558875 0.0215 0.0575 -0.9981
vtn 17.5894 14.0142 3.84812 0.511362 0.7925 0.9846 0.1719 0.0311
vtn 17.8932 11.9323 5.73855 0.205304 0.743823 0.9846 0.1719 0.0311
vtn 17.9362 12.0473 3.74232 0.326415 0.558875 0.9846 0.1719 0.0311
vtn 15.9669 11.7035 3.68014 0.447526 0.373928 0.1734 -0.9834 -0.0529
vtn 17.8932 11.9323 5.73855 0.141468 0.325251 0.1734 -0.9834 -0.0529
vtn 15.924 11.5885 5.67637 0.262579 0.140304 0.1734 -0.9834 -0.0529
vtn 15.5772 13.5554 5.78217 0.817421 0.841178 -0.1734 0.9834 0.0529
vtn 17.5894 14.0142 3.84812 0.511362 0.7925 -0.1734 0.9834 0.0529
vtn 15.6202 13.6703 3.78594 0.632474 0.607553 -0.1734 0.9834 0.0529
vtn 17.6109 14.0716 2.85006 0.874696 0.237659 -0.0215 -0.0575 0.9981
vtn 15.9884 11.7609 2.68208 0.568637 0.188981 -0.0215 -0.0575 0.9981
vtn 17.9576 12.1048 2.74426 0.689749 0.004034 -0.0215 -0.0575 0.9981
vtn 15.6417 13.7278 2.78788 0.753585 0.422606 -0.9846 -0.1719 -0.0311
vtn 16.0314 11.8759 0.685846 0.447526 0.373928 -0.9846 -0.1719 -0.0311
vtn 15.9884 11.7609 2.68208 0.568637 0.188981 -0.9846 -0.1719 -0.0311
vtn 15.6846 13.8428 0.791649 0.632474 0.607553 0.0215 0.0575 -0.9981
vtn 18.0006 12.2197 0.748025 0.326415 0.558875 0.0215 0.0575 -0.9981
vtn 16.0314 11.8759 0.685846 0.447526 0.373928 0.0215 0.0575 -0.9981
vtn 18.0006 12.2197 0.748025 0.326415 0.558875 0.9846 0.1719 0.0311
vtn 17.6109 14.0716 2.85006 0.390251 0.977447 0.9846 0.1719 0.0311
vtn 17.9576 12.1048 2.74426 0.205304 0.743823 0.9846 0.1719 0.0311
vtn 15.9884 11.7609 2.68208 0.262579 0.140304 0.1734 -0.9834 -0.0529
vtn 18.0006 12.2197 0.748025 0.326415 0.558875 0.1734 -0.9834 -0.0529
vtn 17.9576 12.1048 2.74426 0.141468 0.325251 0.1734 -0.9834 -0.0529
vtn 15.6417 13.7278 2.78788 0.817421 0.841178 -0.1734 0.9834 0.0529
vtn 17.6539 14.1866 0.853828 0.511362 0.7925 -0.1734 0.9834 0.0529
vtn 15.6846 13.8428 0.791649 0.632474 0.607553 -0.1734 0.9834 0.0529
vtn 17.2907 18.1402 2.94831 0.689749 0.004034 -0.0215 -0.0575 0.9981
vtn 14.9747 19.7632 2.99193 0.753585 0.422606 -0.0215 -0.0575 0.9981
vtn 15.3214 17.7963 2.88613 0.568637 0.188981 -0.0215 -0.0575 0.9981
vtn 14.9747 19.7632 2.99193 0.753585 0.422606 -0.9846 -0.1719 -0.0311
vtn 15.3644 17.9113 0.889899 0.447526 0.373928 -0.9846 -0.1719 -0.0311
vtn 15.3214 17.7963 2.88613 0.568637 0.188981 -0.9846 -0.1719 -0.0311
vtn 15.0176 19.8782 0.995702 0.632474 0.607553 0.0215 0.0575 -0.9981
vtn 17.3336 18.2551 0.952078 0.326415 0.558875 0.0215 0.0575 -0.9981
vtn 15.3644 17.9113 0.889899 0.447526 0.373928 0.0215 0.0575 -0.9981
vtn 17.3336 18.2551 0.952078 0.326415 0.558875 0.9846 0.1719 0.0311
vtn 16.9439 20.107 3.05411 0.390251 0.977447 0.9846 0.1719 0.0311
vtn 17.2907 18.1402 2.94831 0.205304 0.743823 0.9846 0.1719 0.0311
vtn 15.3644 17.9113 0.889899 0.447526 0.373928 0.1734 -0.9834 -0.0529
vtn 17.2907 18.1402 2.94831 0.141468 0.325251 0.1734 -0.9834 -0.0529
vtn 15.3214 17.7963 2.88613 0.262579 0.140304 0.1734 -0.9834 -0.0529
vtn 15.0176 19.8782 0.995702 0.632474 0.607553 -0.1734 0.9834 0.0529
vtn 16.9439 20.107 3.05411 0.69631 1.02612 -0.1734 0.9834 0.0529
vtn 16.9869 20.222 1.05788 0.511362 0.7925 -0.1734 0.9834 0.0529
vtn 17.5946 16.0828 4.42155 0.689749 0.004034 -0.0215 -0.0575 0.9981
vtn 15.2786 17.7059 4.46517 0.753585 0.422606 -0.0215 -0.0575 0.9981
vtn 15.6254 15.739 4.35936 0.568637 0.188981 -0.0215 -0.0575 0.9981
vtn 15.6254 15.739 4.35936 0.568637 0.188981 -0.9846 -0.1719 -0.0311
vtn 15.3216 17.8209 2.46894 0.632474 0.607553 -0.9846 -0.1719 -0.0311
vtn 15.6683 15.854 2.36313 0.447526 0.373928 -0.9846 -0.1719 -0.0311
vtn 15.3216 17.8209 2.46894 0.632474 0.607553 0.0215 0.0575 -0.9981
vtn 17.6376 16.1978 2.42531 0.326415 0.558875 0.0215 0.0575 -0.9981
vtn 15.6683 15.854 2.36313 0.447526 0.373928 0.0215 0.0575 -0.9981
vtn 17.6376 16.1978 2.42531 0.326415 0.558875 0.9846 0.1719 0.0311
vtn 17.2479 18.0497 4.52735 0.390251 0.977447 0.9846 0.1719 0.0311
vtn 17.5946 16.0828 4.42155 0.205304 0.743823 0.9846 0.1719 0.0311
vtn 15.6254 15.739 4.35936 0.262579 0.140304 0.1734 -0.9834 -0.0529
vtn 17.6376 16.1978 2.42531 0.326415 0.558875 0.1734 -0.9834 -0.0529
vtn 17.5946 16.0828 4.42155 0.141468 0.325251 0.1734 -0.9834 -0.0529
vtn 15.3216 17.8209 2.46894 0.632474 0.607553 -0.1734 0.9834 0.0529
vtn 17.2479 18.0497 4.52735 0.69631 1.02612 -0.1734 0.9834 0.0529
vtn 17.2908 18.1647 2.53112 0.511362 0.7925 -0.1734 0.9834 0.0529
vtn 17.3123 18.2221 1.53306 0.874696 0.237659 -0.0215 -0.0575 0.9981
vtn 15.6898 15.9115 1.36507 0.568637 0.188981 -0.0215 -0.0575 0.9981
vtn 17.6591 16.2553 1.42725 0.689749 0.004034 -0.0215 -0.0575 0.9981
vtn 15.3431 17.8783 1.47088 0.753585 0.422606 -0.9846 -0.1719 -0.0311
vtn 15.7328 16.0264 -0.631159 0.447526 0.373928 -0.9846 -0.1719 -0.0311
vtn 15.6898 15.9115 1.36507 0.568637 0.188981 -0.9846 -0.1719 -0.0311
vtn 15.386 17.9933 -0.525353 0.632474 0.607553 0.0215 0.0575 -0.9981
vtn 17.702 16.3702 -0.568977 0.326415 0.558875 0.0215 0.0575 -0.9981
vtn 15.7328 16.0264 -0.631159 0.447526 0.373928 0.0215 0.0575 -0.9981
vtn 17.702 16.3702 -0.568977 0.326415 0.558875 0.9846 0.1719 0.0311
vtn 17.3123 18.2221 1.53306 0.390251 0.977447 0.9846 0.1719 0.0311
vtn 17.6591 16.2553 1.42725 0.205304 0.743823 0.9846 0.1719 0.0311
vtn 15.7328 16.0264 -0.631159 0.447526 0.373928 0.1734 -0.9834 -0.0529
vtn 17.6591 16.2553 1.42725 0.141468 0.325251 0.1734 -0.9834 -0.0529
vtn 15.6898 15.9115 1.36507 0.262579 0.140304 0.1734 -0.9834 -0.0529
vtn 15.386 17.9933 -0.525353 0.632474 0.607553 -0.1734 0.9834 0.0529
vtn 17.3123 18.2221 1.53306 0.69631 1.02612 -0.1734 0.9834 0.0529
vtn 17.3553 18.3371 -0.463175 0.511362 0.7925 -0.1734 0.9834 0.0529
vtn 18.0586 14.9667 2.06903 0.874696 0.237659 0.2039 -0.7996 0.5649
vtn 16.4696 13.3598 0.368126 0.568637 0.188981 0.2039 -0.7996 0.5649
vtn 18.398 13.8879 0.419473 0.689749 0.004034 0.2039 -0.7996 0.5649
vtn 16.4696 13.3598 0.368126 0.568637 0.188981 -0.9642 -0.2641 -0.0257
vtn 15.7224 16.0377 0.887928 0.632474 0.607553 -0.9642 -0.2641 -0.0257
vtn 16.0617 14.9589 -0.761626 0.447526 0.373928 -0.9642 -0.2641 -0.0257
vtn 15.7224 16.0377 0.887928 0.632474 0.607553 -0.2039 0.7996 -0.5649
vtn 17.9901 15.487 -0.710279 0.326415 0.558875 -0.2039 0.7996 -0.5649
vtn 16.0617 14.9589 -0.761626 0.447526 0.373928 -0.2039 0.7996 -0.5649
vtn 17.6507 16.5658 0.939275 0.511362 0.7925 0.9642 0.2641 0.0257
vtn 18.398 13.8879 0.419473 0.205304 0.743823 0.9642 0.2641 0.0257
vtn 17.9901 15.487 -0.710279 0.326415 0.558875 0.9642 0.2641 0.0257
vtn 16.0617 14.9589 -0.761626 0.447526 0.373928 0.1697 -0.5394 -0.8248
vtn 18.398 13.8879 0.419473 0.141468 0.325251 0.1697 -0.5394 -0.8248
vtn 16.4696 13.3598 0.368126 0.262579 0.140304 0.1697 -0.5394 -0.8248
vtn 16.1303 14.4386 2.01768 0.817421 0.841178 -0.1697 0.5394 0.8248
vtn 17.6507 16.5658 0.939275 0.511362 0.7925 -0.1697 0.5394 0.8248
vtn 15.7224 16.0377 0.887928 0.632474 0.607553 -0.1697 0.5394 0.8248
vtn 18.712 12.6216 1.31464 0.874696 0.237659 0.2039 -0.7996 0.5649
vtn 17.123 11.0147 -0.38626 0.568637 0.188981 0.2039 -0.7996 0.5649
vtn 19.0514 11.5428 -0.334914 0.689749 0.004034 0.2039 -0.7996 0.5649
vtn 17.123 11.0147 -0.38626 0.568637 0.188981 -0.9642 -0.2641 -0.0257
vtn 16.3758 13.6927 0.13354 0.632474 0.607553 -0.9642 -0.2641 -0.0257
vtn 16.7152 12.6139 -1.51601 0.447526 0.373928 -0.9642 -0.2641 -0.0257
vtn 16.3758 13.6927 0.13354 0.632474 0.607553 -0.2039 0.7996 -0.5649
vtn 18.6435 13.142 -1.46467 0.326415 0.558875 -0.2039 0.7996 -0.5649
vtn 16.7152 12.6139 -1.51601 0.447526 0.373928 -0.2039 0.7996 -0.5649
vtn 18.3041 14.2208 0.184889 0.511362 0.7925 0.9642 0.2641 0.0257
vtn 19.0514 11.5428 -0.334914 0.205304 0.743823 0.9642 0.2641 0.0257
vtn 18.6435 13.142 -1.46467 0.326415 0.558875 0.9642 0.2641 0.0257
vtn 16.7152 12.6139 -1.51601 0.447526 0.373928 0.1697 -0.5394 -0.8248
vtn 19.0514 11.5428 -0.334914 0.141468 0.325251 0.1697 -0.5394 -0.8248
vtn 17.123 11.0147 -0.38626 0.262579 0.140304 0.1697 -0.5394 -0.8248
vtn 16.7837 12.0935 1.26329 0.817421 0.841178 -0.1697 0.5394 0.8248
vtn 18.3041 14.2208 0.184889 0.511362 0.7925 -0.1697 0.5394 0.8248
vtn 16.3758 13.6927 0.13354 0.632474 0.607553 -0.1697 0.5394 0.8248
vtn 18.1002 15.0203 -0.379957 0.874696 0.237659 0.2039 -0.7996 0.5649
vtn 16.5112 13.4134 -2.08086 0.568637 0.188981 0.2039 -0.7996 0.5649
vtn 18.4396 13.9415 -2.02951 0.689749 0.004034 0.2039 -0.7996 0.5649
vtn 16.5112 13.4134 -2.08086 0.568637 0.188981 -0.9642 -0.2641 -0.0257
vtn 15.764 16.0913 -1.56105 0.632474 0.607553 -0.9642 -0.2641 -0.0257
vtn 16.1034 15.0126 -3.21061 0.447526 0.373928 -0.9642 -0.2641 -0.0257
vtn 15.764 16.0913 -1.56105 0.632474 0.607553 -0.2039 0.7996 -0.5649
vtn 18.0317 15.5407 -3.15926 0.326415 0.558875 -0.2039 0.7996 -0.5649
vtn 16.1034 15.0126 -3.21061 0.447526 0.373928 -0.2039 0.7996 -0.5649
vtn 17.6923 16.6195 -1.50971 0.511362 0.7925 0.9642 0.2641 0.0257
vtn 18.4396 13.9415 -2.02951 0.205304 0.743823 0.9642 0.2641 0.0257
vtn 18.0317 15.5407 -3.15926 0.326415 0.558875 0.9642 0.2641 0.0257
vtn 16.5112 13.4134 -2.08086 0.262579 0.140304 0.1697 -0.5394 -0.8248
vtn 18.0317 15.5407 -3.15926 0.326415 0.558875 0.1697 -0.5394 -0.8248
vtn 18.4396 13.9415 -2.02951 0.141468 0.325251 0.1697 -0.5394 -0.8248
vtn 16.1719 14.4922 -0.431303 0.817421 0.841178 -0.1697 0.5394 0.8248
vtn 17.6923 16.6195 -1.50971 0.511362 0.7925 -0.1697 0.5394 0.8248
vtn 15.764 16.0913 -1.56105 0.632474 0.607553 -0.1697 0.5394 0.8248
vtn 15.8262 20.1143 6.72797 0.689749 0.004034 -0.3296 0.9428 -0.0502
vtn 14.7482 19.601 4.16393 0.753585 0.422606 -0.3296 0.9428 -0.0502
vtn 14.0656 19.4622 6.03872 0.568637 0.188981 -0.3296 0.9428 -0.0502
vtn 14.0656 19.4622 6.03872 0.568637 0.188981 -0.8803 -0.3261 -0.3446
vtn 15.4073 17.7154 4.2643 0.632474 0.607553 -0.8803 -0.3261 -0.3446
vtn 14.7247 17.5766 6.1391 0.447526 0.373928 -0.8803 -0.3261 -0.3446
vtn 15.4073 17.7154 4.2643 0.632474 0.607553 0.3296 -0.9428 0.0502
vtn 16.4853 18.2287 6.82835 0.326415 0.558875 0.3296 -0.9428 0.0502
vtn 14.7247 17.5766 6.1391 0.447526 0.373928 0.3296 -0.9428 0.0502
vtn 17.1679 18.3675 4.95355 0.511362 0.7925 0.8803 0.3261 0.3446
vtn 15.8262 20.1143 6.72797 0.205304 0.743823 0.8803 0.3261 0.3446
vtn 16.4853 18.2287 6.82835 0.326415 0.558875 0.8803 0.3261 0.3446
vtn 14.7247 17.5766 6.1391 0.447526 0.373928 -0.3413 -0.0694 0.9374
vtn 15.8262 20.1143 6.72797 0.141468 0.325251 -0.3413 -0.0694 0.9374
vtn 14.0656 19.4622 6.03872 0.262579 0.140304 -0.3413 -0.0694 0.9374
vtn 14.7482 19.601 4.16393 0.817421 0.841178 0.3413 0.0694 -0.9374
vtn 17.1679 18.3675 4.95355 0.511362 0.7925 0.3413 0.0694 -0.9374
vtn 15.4073 17.7154 4.2643 0.632474 0.607553 0.3413 0.0694 -0.9374
vtn 14.6153 21.4645 8.51852 0.689749 0.004034 -0.3296 0.9428 -0.0502
vtn 13.5373 20.9512 5.95448 0.753585 0.422606 -0.3296 0.9428 -0.0502
vtn 12.8548 20.8124 7.82927 0.568637 0.188981 -0.3296 0.9428 -0.0502
vtn 12.8548 20.8124 7.82927 0.568637 0.188981 -0.8803 -0.3261 -0.3446
vtn 14.1964 19.0656 6.05485 0.632474 0.607553 -0.8803 -0.3261 -0.3446
vtn 13.5139 18.9268 7.92965 0.447526 0.373928 -0.8803 -0.3261 -0.3446
vtn 14.1964 19.0656 6.05485 0.632474 0.607553 0.3296 -0.9428 0.0502
vtn 15.2745 19.5789 8.6189 0.326415 0.558875 0.3296 -0.9428 0.0502
vtn 13.5139 18.9268 7.92965 0.447526 0.373928 0.3296 -0.9428 0.0502
vtn 15.957 19.7177 6.7441 0.511362 0.7925 0.8803 0.3261 0.3446
vtn 14.6153 21.4645 8.51852 0.205304 0.743823 0.8803 0.3261 0.3446
vtn 15.2745 19.5789 8.6189 0.326415 0.558875 0.8803 0.3261 0.3446
vtn 13.5139 18.9268 7.92965 0.447526 0.373928 -0.3413 -0.0694 0.9374
vtn 14.6153 21.4645 8.51852 0.141468 0.325251 -0.3413 -0.0694 0.9374
vtn 12.8548 20.8124 7.82927 0.262579 0.140304 -0.3413 -0.0694 0.9374
vtn 13.5373 20.9512 5.95448 0.817421 0.841178 0.3413 0.0694 -0.9374
vtn 15.957 19.7177 6.7441 0.511362 0.7925 0.3413 0.0694 -0.9374
vtn 14.1964 19.0656 6.05485 0.632474 0.607553 0.3413 0.0694 -0.9374
vtn 16.2866 18.775 6.79429 0.874696 0.237659 -0.3296 0.9428 -0.0502
vtn 13.8434 17.9841 7.97984 0.568637 0.188981 -0.3296 0.9428 -0.0502
vtn 15.604 18.6362 8.66908 0.689749 0.004034 -0.3296 0.9428 -0.0502
vtn 13.8434 17.9841 7.97984 0.568637 0.188981 -0.8803 -0.3261 -0.3446
vtn 15.1851 16.2373 6.20542 0.632474 0.607553 -0.8803 -0.3261 -0.3446
vtn 14.5026 16.0985 8.08022 0.447526 0.373928 -0.8803 -0.3261 -0.3446
vtn 15.1851 16.2373 6.20542 0.632474 0.607553 0.3296 -0.9428 0.0502
vtn 16.2631 16.7506 8.76946 0.326415 0.558875 0.3296 -0.9428 0.0502
vtn 14.5026 16.0985 8.08022 0.447526 0.373928 0.3296 -0.9428 0.0502
vtn 16.2631 16.7506 8.76946 0.326415 0.558875 0.8803 0.3261 0.3446
vtn 16.2866 18.775 6.79429 0.390251 0.977447 0.8803 0.3261 0.3446
vtn 15.604 18.6362 8.66908 0.205304 0.743823 0.8803 0.3261 0.3446
vtn 14.5026 16.0985 8.08022 0.447526 0.373928 -0.3413 -0.0694 0.9374
vtn 15.604 18.6362 8.66908 0.141468 0.325251 -0.3413 -0.0694 0.9374
vtn 13.8434 17.9841 7.97984 0.262579 0.140304 -0.3413 -0.0694 0.9374
vtn 14.526 18.1229 6.10504 0.817421 0.841178 0.3413 0.0694 -0.9374
vtn 16.9457 16.8894 6.89467 0.511362 0.7925 0.3413 0.0694 -0.9374
vtn 15.1851 16.2373 6.20542 0.632474 0.607553 0.3413 0.0694 -0.9374
vtn 13.889 17.7078 13.7357 0.874696 0.237659 -0.5374 0.717 0.4439
vtn 14.9374 19.6132 11.9273 0.568637 0.188981 -0.5374 0.717 0.4439
vtn 13.3419 18.4073 11.9437 0.689749 0.004034 -0.5374 0.717 0.4439
vtn 15.4844 18.9137 13.7193 0.753585 0.422606 0.7977 0.6029 -0.0082
vtn 16.0121 18.1791 11.0394 0.447526 0.373928 0.7977 0.6029 -0.0082
vtn 14.9374 19.6132 11.9273 0.568637 0.188981 0.7977 0.6029 -0.0082
vtn 16.0121 18.1791 11.0394 0.447526 0.373928 0.5374 -0.717 -0.4439
vtn 14.9637 16.2737 12.8478 0.511362 0.7925 0.5374 -0.717 -0.4439
vtn 14.4167 16.9732 11.0558 0.326415 0.558875 0.5374 -0.717 -0.4439
vtn 14.4167 16.9732 11.0558 0.326415 0.558875 -0.7977 -0.6029 0.0082
vtn 13.889 17.7078 13.7357 0.390251 0.977447 -0.7977 -0.6029 0.0082
vtn 13.3419 18.4073 11.9437 0.205304 0.743823 -0.7977 -0.6029 0.0082
vtn 16.0121 18.1791 11.0394 0.447526 0.373928 -0.2735 0.3498 -0.896
vtn 13.3419 18.4073 11.9437 0.141468 0.325251 -0.2735 0.3498 -0.896
vtn 14.9374 19.6132 11.9273 0.262579 0.140304 -0.2735 0.3498 -0.896
vtn 16.5592 17.4796 12.8315 0.632474 0.607553 0.2735 -0.3498 0.896
vtn 13.889 17.7078 13.7357 0.69631 1.02612 0.2735 -0.3498 0.896
vtn 14.9637 16.2737 12.8478 0.511362 0.7925 0.2735 -0.3498 0.896
vtn 12.499 19.5462 12.6478 0.874696 0.237659 -0.5374 0.717 0.4439
vtn 13.5474 21.4516 10.8394 0.568637 0.188981 -0.5374 0.717 0.4439
vtn 11.952 20.2457 10.8558 0.689749 0.004034 -0.5374 0.717 0.4439
vtn 13.5474 21.4516 10.8394 0.568637 0.188981 0.7977 0.6029 -0.0082
vtn 15.1693 19.3181 11.7435 0.632474 0.607553 0.7977 0.6029 -0.0082
vtn 14.6222 20.0176 9.95151 0.447526 0.373928 0.7977 0.6029 -0.0082
vtn 14.6222 20.0176 9.95151 0.447526 0.373928 0.5374 -0.717 -0.4439
vtn 13.5738 18.1122 11.7599 0.511362 0.7925 0.5374 -0.717 -0.4439
vtn 13.0267 18.8117 9.96786 0.326415 0.558875 0.5374 -0.717 -0.4439
vtn 13.5738 18.1122 11.7599 0.511362 0.7925 -0.7977 -0.6029 0.0082
vtn 11.952 20.2457 10.8558 0.205304 0.743823 -0.7977 -0.6029 0.0082
vtn 13.0267 18.8117 9.96786 0.326415 0.558875 -0.7977 -0.6029 0.0082
vtn 14.6222 20.0176 9.95151 0.447526 0.373928 -0.2735 0.3498 -0.896
vtn 11.952 20.2457 10.8558 0.141468 0.325251 -0.2735 0.3498 -0.896
vtn 13.5474 21.4516 10.8394 0.262579 0.140304 -0.2735 0.3498 -0.896
vtn 15.1693 19.3181 11.7435 0.632474 0.607553 0.2735 -0.3498 0.896
vtn 12.499 19.5462 12.6478 0.69631 1.02612 0.2735 -0.3498 0.896
vtn 13.5738 18.1122 11.7599 0.511362 0.7925 0.2735 -0.3498 0.896
vtn 13.5641 18.0947 9.52394 0.689749 0.004034 -0.5374 0.717 0.4439
vtn 15.7067 18.6011 11.2996 0.753585 0.422606 -0.5374 0.717 0.4439
vtn 15.1596 19.3006 9.50759 0.568637 0.188981 -0.5374 0.717 0.4439
vtn 15.7067 18.6011 11.2996 0.753585 0.422606 0.7977 0.6029 -0.0082
vtn 16.2344 17.8666 8.6197 0.447526 0.373928 0.7977 0.6029 -0.0082
vtn 15.1596 19.3006 9.50759 0.568637 0.188981 0.7977 0.6029 -0.0082
vtn 16.2344 17.8666 8.6197 0.447526 0.373928 0.5374 -0.717 -0.4439
vtn 15.186 15.9612 10.4281 0.511362 0.7925 0.5374 -0.717 -0.4439
vtn 14.6389 16.6607 8.63605 0.326415 0.558875 0.5374 -0.717 -0.4439
vtn 14.6389 16.6607 8.63605 0.326415 0.558875 -0.7977 -0.6029 0.0082
vtn 14.1112 17.3952 11.316 0.390251 0.977447 -0.7977 -0.6029 0.0082
vtn 13.5641 18.0947 9.52394 0.205304 0.743823 -0.7977 -0.6029 0.0082
vtn 16.2344 17.8666 8.6197 0.447526 0.373928 -0.2735 0.3498 -0.896
vtn 13.5641 18.0947 9.52394 0.141468 0.325251 -0.2735 0.3498 -0.896
vtn 15.1596 19.3006 9.50759 0.262579 0.140304 -0.2735 0.3498 -0.896
vtn 15.7067 18.6011 11.2996 0.817421 0.841178 0.2735 -0.3498 0.896
vtn 15.186 15.9612 10.4281 0.511362 0.7925 0.2735 -0.3498 0.896
vtn 16.7814 17.167 10.4117 0.632474 0.607553 0.2735 -0.3498 0.896
vtn 13.4845 21.4403 2.64253 0.874696 0.237659 -0.4073 -0.5218 0.7495
vtn 15.7578 19.7587 2.70707 0.568637 0.188981 -0.4073 -0.5218 0.7496
vtn 15.2345 21.4646 3.61038 0.689749 0.004034 -0.4073 -0.5218 0.7496
vtn 14.0077 19.7344 1.73922 0.753585 0.422606 0.2616 -0.853 -0.4517
vtn 16.5724 20.8023 1.20797 0.447526 0.373928 0.2616 -0.853 -0.4517
vtn 15.7578 19.7587 2.70707 0.568637 0.188981 0.2616 -0.853 -0.4517
vtn 16.5724 20.8023 1.20797 0.447526 0.373928 0.4073 0.5218 -0.7495
vtn 14.2991 22.4839 1.14343 0.511362 0.7925 0.4073 0.5218 -0.7495
vtn 16.0491 22.5082 2.11128 0.326415 0.558875 0.4073 0.5218 -0.7495
vtn 16.0491 22.5082 2.11128 0.326415 0.558875 -0.2616 0.853 0.4517
vtn 13.4845 21.4403 2.64253 0.390251 0.977447 -0.2616 0.853 0.4517
vtn 15.2345 21.4646 3.61038 0.205304 0.743823 -0.2616 0.853 0.4517
vtn 16.5724 20.8023 1.20797 0.447526 0.373928 0.875 0.0122 0.4839
vtn 15.2345 21.4646 3.61038 0.141468 0.325251 0.875 0.0122 0.4839
vtn 15.7578 19.7587 2.70707 0.262579 0.140304 0.875 0.0122 0.4839
vtn 14.0077 19.7344 1.73922 0.817421 0.841178 -0.875 -0.0122 -0.4839
vtn 14.2991 22.4839 1.14343 0.511362 0.7925 -0.875 -0.0122 -0.4839
vtn 14.8223 20.778 0.240118 0.632474 0.607553 -0.875 -0.0122 -0.4839
vtn 16.3407 20.6559 5.7593 0.689749 0.004034 -0.4073 -0.5218 0.7495
vtn 15.1139 18.9257 3.88814 0.753585 0.422606 -0.4073 -0.5218 0.7495
vtn 16.8639 18.95 4.85599 0.568637 0.188981 -0.4073 -0.5218 0.7496
vtn 16.8639 18.95 4.85599 0.568637 0.188981 0.2616 -0.853 -0.4517
vtn 15.9285 19.9693 2.38904 0.632474 0.607553 0.2616 -0.853 -0.4517
vtn 17.6785 19.9936 3.35689 0.447526 0.373928 0.2616 -0.853 -0.4517
vtn 17.6785 19.9936 3.35689 0.447526 0.373928 0.4073 0.5218 -0.7496
vtn 15.4052 21.6753 3.29235 0.511362 0.7925 0.4073 0.5218 -0.7496
vtn 17.1553 21.6996 4.2602 0.326415 0.558875 0.4073 0.5218 -0.7495
vtn 17.1553 21.6996 4.2602 0.326415 0.558875 -0.2616 0.853 0.4517
vtn 14.5906 20.6316 4.79145 0.390251 0.977447 -0.2616 0.853 0.4517
vtn 16.3407 20.6559 5.7593 0.205304 0.743823 -0.2616 0.853 0.4517
vtn 17.6785 19.9936 3.35689 0.447526 0.373928 0.875 0.0122 0.4839
vtn 16.3407 20.6559 5.7593 0.141468 0.325251 0.875 0.0122 0.4839
vtn 16.8639 18.95 4.85599 0.262579 0.140304 0.875 0.0122 0.4839
vtn 15.9285 19.9693 2.38904 0.632474 0.607553 -0.875 -0.0122 -0.4839
vtn 14.5906 20.6316 4.79145 0.69631 1.02612 -0.875 -0.0122 -0.4839
vtn 15.4052 21.6753 3.29235 0.511362 0.7925 -0.875 -0.0121 -0.4839
vtn 17.5625 22.2214 3.51069 0.689749 0.004034 -0.4073 -0.5218 0.7495
vtn 16.3357 20.4911 1.63953 0.753585 0.422606 -0.4073 -0.5218 0.7495
vtn 18.0858 20.5154 2.60738 0.568637 0.188981 -0.4073 -0.5218 0.7495
vtn 18.0858 20.5154 2.60738 0.568637 0.188981 0.2616 -0.853 -0.4517
vtn 17.1503 21.5348 0.140432 0.632474 0.607553 0.2616 -0.853 -0.4517
vtn 18.9003 21.5591 1.10828 0.447526 0.373928 0.2616 -0.853 -0.4517
vtn 18.9003 21.5591 1.10828 0.447526 0.373928 0.4073 0.5218 -0.7495
vtn 16.627 23.2407 1.04374 0.511362 0.7925 0.4073 0.5218 -0.7495
vtn 18.3771 23.265 2.01159 0.326415 0.558875 0.4073 0.5218 -0.7496
vtn 16.627 23.2407 1.04374 0.511362 0.7925 -0.2616 0.853 0.4517
vtn 17.5625 22.2214 3.51069 0.205304 0.743823 -0.2616 0.853 0.4517
vtn 18.3771 23.265 2.01159 0.326415 0.558875 -0.2616 0.853 0.4517
vtn 18.9003 21.5591 1.10828 0.447526 0.373928 0.875 0.0122 0.4839
vtn 17.5625 22.2214 3.51069 0.141468 0.325251 0.875 0.0122 0.4839
vtn 18.0858 20.5154 2.60738 0.262579 0.140304 0.875 0.0122 0.4839
vtn 16.3357 20.4911 1.63953 0.817421 0.841178 -0.875 -0.0122 -0.4839
vtn 16.627 23.2407 1.04374 0.511362 0.7925 -0.875 -0.0122 -0.4839
vtn 17.1503 21.5348 0.140432 0.632474 0.607553 -0.875 -0.0121 -0.4839
vtn 17.9691 10.8339 4.04244 0.874696 0.237659 0.0975 -0.834 0.5431
vtn 16.0967 9.5276 2.37275 0.568637 0.188981 0.0975 -0.834 0.5431
vtn 18.0839 9.7536 2.36319 0.689749 0.004034 0.0975 -0.834 0.5431
vtn 15.9819 10.6079 4.05199 0.753585 0.422606 -0.9936 -0.113 0.0048
vtn 15.9018 11.1955 1.28646 0.447526 0.373928 -0.9936 -0.113 0.0048
vtn 16.0967 9.5276 2.37275 0.568637 0.188981 -0.9936 -0.113 0.0048
vtn 15.787 12.2758 2.9657 0.632474 0.607553 -0.0975 0.834 -0.5431
vtn 17.889 11.4215 1.2769 0.326415 0.558875 -0.0975 0.834 -0.5431
vtn 15.9018 11.1955 1.28646 0.447526 0.373928 -0.0975 0.834 -0.5431
vtn 17.889 11.4215 1.2769 0.326415 0.558875 0.9936 0.113 -0.0048
vtn 17.9691 10.8339 4.04244 0.390251 0.977447 0.9936 0.113 -0.0048
vtn 18.0839 9.7536 2.36319 0.205304 0.743823 0.9936 0.113 -0.0048
vtn 15.9018 11.1955 1.28646 0.447526 0.373928 0.0574 -0.5401 -0.8396
vtn 18.0839 9.7536 2.36319 0.141468 0.325251 0.0574 -0.5401 -0.8396
vtn 16.0967 9.5276 2.37275 0.262579 0.140304 0.0574 -0.5401 -0.8396
vtn 15.787 12.2758 2.9657 0.632474 0.607553 -0.0574 0.5401 0.8396
vtn 17.9691 10.8339 4.04244 0.69631 1.02612 -0.0574 0.5401 0.8396
vtn 17.7742 12.5018 2.95615 0.511362 0.7925 -0.0574 0.5401 0.8396
vtn 18.2294 8.43423 3.22427 0.874696 0.237659 0.0975 -0.834 0.5431
vtn 16.357 7.12798 1.55458 0.568637 0.188981 0.0975 -0.834 0.5431
vtn 18.3442 7.35397 1.54502 0.689749 0.004034 0.0975 -0.834 0.5431
vtn 16.2422 8.20823 3.23383 0.753585 0.422606 -0.9936 -0.113 0.0048
vtn 16.1621 8.7959 0.468286 0.447526 0.373928 -0.9936 -0.113 0.0048
vtn 16.357 7.12798 1.55458 0.568637 0.188981 -0.9936 -0.113 0.0048
vtn 16.0473 9.87616 2.14753 0.632474 0.607553 -0.0975 0.834 -0.5431
vtn 18.1493 9.0219 0.458726 0.326415 0.558875 -0.0975 0.834 -0.5431
vtn 16.1621 8.7959 0.468286 0.447526 0.373928 -0.0975 0.834 -0.5431
vtn 18.0345 10.1022 2.13798 0.511362 0.7925 0.9936 0.113 -0.0048
vtn 18.3442 7.35397 1.54502 0.205304 0.743823 0.9936 0.113 -0.0048
vtn 18.1493 9.0219 0.458726 0.326415 0.558875 0.9936 0.113 -0.0048
vtn 16.357 7.12798 1.55458 0.262579 0.140304 0.0574 -0.5401 -0.8396
vtn 18.1493 9.0219 0.458726 0.326415 0.558875 0.0574 -0.5401 -0.8396
vtn 18.3442 7.35397 1.54502 0.141468 0.325251 0.0574 -0.5401 -0.8396
vtn 16.2422 8.20823 3.23383 0.817421 0.841178 -0.0574 0.5401 0.8396
vtn 18.0345 10.1022 2.13798 0.511362 0.7925 -0.0574 0.5401 0.8396
vtn 16.0473 9.87616 2.14753 0.632474 0.607553 -0.0574 0.5401 0.8396
vtn 18.0518 9.85582 -0.084389 0.689749 0.004034 0.0975 -0.834 0.5431
vtn 15.9499 10.7101 1.60442 0.753585 0.422606 0.0975 -0.834 0.5431
vtn 16.0647 9.62982 -0.074832 0.568637 0.188981 0.0975 -0.834 0.5431
vtn 16.0647 9.62982 -0.074832 0.568637 0.188981 -0.9936 -0.113 0.0048
vtn 15.755 12.378 0.518125 0.632474 0.607553 -0.9936 -0.113 0.0048
vtn 15.8697 11.2977 -1.16112 0.447526 0.373928 -0.9936 -0.113 0.0048
vtn 15.755 12.378 0.518125 0.632474 0.607553 -0.0975 0.834 -0.5431
vtn 17.8569 11.5237 -1.17068 0.326415 0.558875 -0.0975 0.834 -0.5431
vtn 15.8697 11.2977 -1.16112 0.447526 0.373928 -0.0975 0.834 -0.5431
vtn 17.7421 12.604 0.508567 0.511362 0.7925 0.9936 0.113 -0.0048
vtn 18.0518 9.85582 -0.084389 0.205304 0.743823 0.9936 0.113 -0.0048
vtn 17.8569 11.5237 -1.17068 0.326415 0.558875 0.9936 0.113 -0.0048
vtn 16.0647 9.62982 -0.074832 0.262579 0.140304 0.0574 -0.5401 -0.8396
vtn 17.8569 11.5237 -1.17068 0.326415 0.558875 0.0574 -0.5401 -0.8396
vtn 18.0518 9.85582 -0.084389 0.141468 0.325251 0.0574 -0.5401 -0.8396
vtn 15.9499 10.7101 1.60442 0.817421 0.841178 -0.0574 0.5401 0.8396
vtn 17.7421 12.604 0.508567 0.511362 0.7925 -0.0574 0.5401 0.8396
vtn 15.755 12.378 0.518125 0.632474 0.607553 -0.0574 0.5401 0.8396
vtn 17.8958 13.4014 12.8355 0.874696 0.237659 -0.048 -0.3695 0.928
vtn 15.9156 13.1917 12.6497 0.753585 0.422606 -0.048 -0.3695 0.928
vtn 16.1789 11.3451 11.928 0.568637 0.188981 -0.048 -0.3695 0.928
vtn 15.9156 13.1917 12.6497 0.753585 0.422606 -0.9901 -0.1049 -0.0929
vtn 16.0115 13.9307 10.7937 0.632474 0.607553 -0.9901 -0.1049 -0.0929
vtn 16.2748 12.0841 10.072 0.447526 0.373928 -0.9901 -0.1049 -0.0929
vtn 16.0115 13.9307 10.7937 0.632474 0.607553 0.048 0.3695 -0.928
vtn 17.9917 14.1404 10.9795 0.511362 0.7925 0.048 0.3695 -0.928
vtn 18.255 12.2938 10.2579 0.326415 0.558875 0.048 0.3695 -0.928
vtn 17.9917 14.1404 10.9795 0.511362 0.7925 0.9901 0.1049 0.0929
vtn 17.8958 13.4014 12.8355 0.390251 0.977447 0.9901 0.1049 0.0929
vtn 18.1591 11.5548 12.1139 0.205304 0.743823 0.9901 0.1049 0.0929
vtn 16.2748 12.0841 10.072 0.447526 0.373928 0.1316 -0.9233 -0.3608
vtn 18.255 12.2938 10.2579 0.326415 0.558875 0.1316 -0.9233 -0.3608
vtn 18.1591 11.5548 12.1139 0.141468 0.325251 0.1316 -0.9233 -0.3608
vtn 15.9156 13.1917 12.6497 0.817421 0.841178 -0.1316 0.9233 0.3608
vtn 17.8958 13.4014 12.8355 0.69631 1.02612 -0.1317 0.9233 0.3608
vtn 17.9917 14.1404 10.9795 0.511362 0.7925 -0.1316 0.9233 0.3608
vtn 18.0745 10.9711 13.582 0.874696 0.237659 -0.048 -0.3695 0.928
vtn 16.0942 10.7614 13.3962 0.753585 0.422606 -0.048 -0.3695 0.928
vtn 16.3575 8.91482 12.6745 0.568637 0.188981 -0.048 -0.3695 0.928
vtn 16.0942 10.7614 13.3962 0.753585 0.422606 -0.9901 -0.1049 -0.0929
vtn 16.1901 11.5004 11.5402 0.632474 0.607553 -0.9901 -0.1049 -0.0929
vtn 16.4534 9.65383 10.8185 0.447526 0.373928 -0.9901 -0.1049 -0.0929
vtn 16.1901 11.5004 11.5402 0.632474 0.607553 0.048 0.3695 -0.928
vtn 18.1704 11.7101 11.7261 0.511362 0.7925 0.048 0.3695 -0.928
vtn 18.4337 9.86356 11.0044 0.326415 0.558875 0.048 0.3695 -0.928
vtn 18.1704 11.7101 11.7261 0.511362 0.7925 0.9901 0.1049 0.0929
vtn 18.0745 10.9711 13.582 0.390251 0.977447 0.9901 0.1049 0.0929
vtn 18.3378 9.12455 12.8604 0.205304 0.743823 0.9901 0.1049 0.0929
vtn 16.4534 9.65383 10.8185 0.447526 0.373928 0.1317 -0.9233 -0.3608
vtn 18.4337 9.86356 11.0044 0.326415 0.558875 0.1317 -0.9233 -0.3608
vtn 18.3378 9.12455 12.8604 0.141468 0.325251 0.1317 -0.9233 -0.3608
vtn 16.0942 10.7614 13.3962 0.817421 0.841178 -0.1317 0.9233 0.3608
vtn 18.0745 10.9711 13.582 0.69631 1.02612 -0.1317 0.9233 0.3608
vtn 18.1704 11.7101 11.7261 0.511362 0.7925 -0.1317 0.9233 0.3608
vtn 18.2183 12.0796 10.7981 0.874696 0.237659 -0.048 -0.3695 0.928
vtn 16.2381 11.8699 10.6123 0.753585 0.422606 -0.048 -0.3695 0.928
vtn 16.5014 10.0233 9.89061 0.568637 0.188981 -0.048 -0.3695 0.928
vtn 16.2381 11.8699 10.6123 0.753585 0.422606 -0.9901 -0.1049 -0.0929
vtn 16.334 12.6089 8.75628 0.632474 0.607553 -0.9901 -0.1049 -0.0929
vtn 16.5973 10.7623 8.03463 0.447526 0.373928 -0.9901 -0.1049 -0.0929
vtn 16.334 12.6089 8.75628 0.632474 0.607553 0.048 0.3695 -0.928
vtn 18.3143 12.8186 8.94213 0.511362 0.7925 0.048 0.3695 -0.928
vtn 18.5776 10.972 8.22048 0.326415 0.558875 0.048 0.3695 -0.928
vtn 18.3143 12.8186 8.94213 0.511362 0.7925 0.9901 0.1049 0.0929
vtn 18.2183 12.0796 10.7981 0.390251 0.977447 0.9901 0.1049 0.0929
vtn 18.4816 10.233 10.0765 0.205304 0.743823 0.9901 0.1049 0.0929
vtn 16.5973 10.7623 8.03463 0.447526 0.373928 0.1316 -0.9233 -0.3608
vtn 18.5776 10.972 8.22048 0.326415 0.558875 0.1316 -0.9233 -0.3608
vtn 18.4816 10.233 10.0765 0.141468 0.325251 0.1316 -0.9233 -0.3608
vtn 16.2381 11.8699 10.6123 0.817421 0.841178 -0.1317 0.9233 0.3608
vtn 18.2183 12.0796 10.7981 0.69631 1.02612 -0.1317 0.9233 0.3608
vtn 18.3143 12.8186 8.94213 0.511362 0.7925 -0.1317 0.9233 0.3608
vtn 17.9003 12.7185 7.91666 0.689749 0.004034 -0.0008 0.553 0.8332
vtn 17.6411 14.3706 6.81981 0.874696 0.237659 -0.0008 0.553 0.8332
vtn 15.658 14.1538 6.96176 0.753585 0.422606 -0.0008 0.553 0.8332
vtn 15.658 14.1538 6.96176 0.753585 0.422606 -0.9916 -0.1084 0.071
vtn 15.6597 13.0478 5.29539 0.632474 0.607553 -0.9916 -0.1084 0.071
vtn 15.9189 11.3956 6.39224 0.447526 0.373928 -0.9916 -0.1084 0.071
vtn 15.9189 11.3956 6.39224 0.447526 0.373928 0.0008 -0.553 -0.8332
vtn 15.6597 13.0478 5.29539 0.632474 0.607553 0.0008 -0.553 -0.8332
vtn 17.6428 13.2647 5.15344 0.511362 0.7925 0.0008 -0.553 -0.8332
vtn 17.902 11.6125 6.25029 0.326415 0.558875 0.9916 0.1084 -0.071
vtn 17.6428 13.2647 5.15344 0.511362 0.7925 0.9916 0.1084 -0.071
vtn 17.6411 14.3706 6.81981 0.390251 0.977447 0.9916 0.1084 -0.071
vtn 15.9189 11.3956 6.39224 0.447526 0.373928 0.1296 -0.8261 0.5484
vtn 17.902 11.6125 6.25029 0.326415 0.558875 0.1296 -0.8261 0.5484
vtn 17.9003 12.7185 7.91666 0.141468 0.325251 0.1296 -0.8261 0.5484
vtn 15.658 14.1538 6.96176 0.817421 0.841178 -0.1296 0.8261 -0.5484
vtn 17.6411 14.3706 6.81981 0.69631 1.02612 -0.1296 0.8261 -0.5484
vtn 17.6428 13.2647 5.15344 0.511362 0.7925 -0.1296 0.8261 -0.5484
vtn 18.1494 11.9419 10.3313 0.689749 0.004034 -0.0008 0.553 0.8332
vtn 17.8902 13.5941 9.23442 0.874696 0.237659 -0.0008 0.553 0.8332
vtn 15.9071 13.3772 9.37636 0.753585 0.422606 -0.0008 0.553 0.8332
vtn 15.9071 13.3772 9.37636 0.753585 0.422606 -0.9916 -0.1084 0.071
vtn 15.9088 12.2712 7.71 0.632474 0.607553 -0.9916 -0.1084 0.071
vtn 16.168 10.619 8.80685 0.447526 0.373928 -0.9916 -0.1084 0.071
vtn 15.9088 12.2712 7.71 0.632474 0.607553 0.0008 -0.553 -0.8332
vtn 17.8919 12.4881 7.56805 0.511362 0.7925 0.0008 -0.553 -0.8332
vtn 18.1511 10.8359 8.6649 0.326415 0.558875 0.0008 -0.553 -0.8332
vtn 18.1511 10.8359 8.6649 0.326415 0.558875 0.9916 0.1084 -0.071
vtn 17.8919 12.4881 7.56805 0.511362 0.7925 0.9916 0.1084 -0.071
vtn 17.8902 13.5941 9.23442 0.390251 0.977447 0.9916 0.1084 -0.071
vtn 16.168 10.619 8.80685 0.447526 0.373928 0.1296 -0.8261 0.5484
vtn 18.1511 10.8359 8.6649 0.326415 0.558875 0.1296 -0.8261 0.5484
vtn 18.1494 11.9419 10.3313 0.141468 0.325251 0.1296 -0.8261 0.5484
vtn 15.9071 13.3772 9.37636 0.817421 0.841178 -0.1296 0.8261 -0.5484
vtn 17.8902 13.5941 9.23442 0.69631 1.02612 -0.1296 0.8261 -0.5484
vtn 17.8919 12.4881 7.56805 0.511362 0.7925 -0.1296 0.8261 -0.5484
vtn 18.1519 10.283 7.83176 0.689749 0.004034 -0.0008 0.553 0.8332
vtn 17.8927 11.9352 6.73491 0.874696 0.237659 -0.0008 0.553 0.8332
vtn 15.9096 11.7183 6.87686 0.753585 0.422606 -0.0008 0.553 0.8332
vtn 15.9096 11.7183 6.87686 0.753585 0.422606 -0.9916 -0.1084 0.071
vtn 15.9113 10.6123 5.21049 0.632474 0.607553 -0.9916 -0.1084 0.071
vtn 16.1705 8.96009 6.30734 0.447526 0.373928 -0.9916 -0.1084 0.071
vtn 16.1705 8.96009 6.30734 0.447526 0.373928 0.0008 -0.553 -0.8332
vtn 15.9113 10.6123 5.21049 0.632474 0.607553 0.0008 -0.553 -0.8332
vtn 17.8944 10.8292 5.06855 0.511362 0.7925 0.0008 -0.553 -0.8332
vtn 18.1536 9.17697 6.16539 0.326415 0.558875 0.9916 0.1084 -0.071
vtn 17.8944 10.8292 5.06855 0.511362 0.7925 0.9916 0.1084 -0.071
vtn 17.8927 11.9352 6.73491 0.390251 0.977447 0.9916 0.1084 -0.071
vtn 16.1688 10.0661 7.97371 0.262579 0.140304 0.1296 -0.8261 0.5484
vtn 16.1705 8.96009 6.30734 0.447526 0.373928 0.1296 -0.8261 0.5484
vtn 18.1536 9.17697 6.16539 0.326415 0.558875 0.1296 -0.8261 0.5484
vtn 15.9096 11.7183 6.87686 0.817421 0.841178 -0.1296 0.8261 -0.5484
vtn 17.8927 11.9352 6.73491 0.69631 1.02612 -0.1296 0.8261 -0.5484
vtn 17.8944 10.8292 5.06855 0.511362 0.7925 -0.1296 0.8261 -0.5484
vtn 16.8436 13.8334 5.58905 0.874696 0.237659 0.0199 0.1572 -0.9874
vtn 14.8477 13.7199 5.53078 0.753585 0.422606 0.0199 0.1572 -0.9874
vtn 14.7266 15.6918 5.84226 0.568637 0.188981 0.0199 0.1572 -0.9874
vtn 14.8477 13.7199 5.53078 0.753585 0.422606 -0.998 -0.0567 -0.0291
vtn 14.8079 13.4056 7.50552 0.632474 0.607553 -0.998 -0.0567 -0.0291
vtn 14.6868 15.3774 7.817 0.447526 0.373928 -0.998 -0.0567 -0.0291
vtn 14.6868 15.3774 7.817 0.447526 0.373928 -0.0199 -0.1572 0.9874
vtn 14.8079 13.4056 7.50552 0.632474 0.607553 -0.0199 -0.1572 0.9874
vtn 16.8039 13.519 7.56379 0.511362 0.7925 -0.0199 -0.1572 0.9874
vtn 16.8039 13.519 7.56379 0.511362 0.7925 0.998 0.0567 0.0291
vtn 16.8436 13.8334 5.58905 0.390251 0.977447 0.998 0.0567 0.0291
vtn 16.7225 15.8052 5.90053 0.205304 0.743823 0.998 0.0567 0.0291
vtn 14.6868 15.3774 7.817 0.447526 0.373928 -0.0606 0.9859 0.1557
vtn 16.6827 15.4909 7.87526 0.326415 0.558875 -0.0606 0.9859 0.1557
vtn 16.7225 15.8052 5.90053 0.141468 0.325251 -0.0606 0.9859 0.1557
vtn 14.8079 13.4056 7.50552 0.632474 0.607553 0.0606 -0.9859 -0.1557
vtn 14.8477 13.7199 5.53078 0.817421 0.841178 0.0606 -0.9859 -0.1557
vtn 16.8436 13.8334 5.58905 0.69631 1.02612 0.0606 -0.9859 -0.1557
vtn 16.6244 18.0234 4.64925 0.689749 0.004034 0.0199 0.1572 -0.9874
vtn 16.7455 16.0515 4.33777 0.874696 0.237659 0.0199 0.1572 -0.9874
vtn 14.7496 15.9381 4.2795 0.753585 0.422606 0.0199 0.1572 -0.9874
vtn 14.6284 17.9099 4.59098 0.568637 0.188981 -0.998 -0.0567 -0.0291
vtn 14.7496 15.9381 4.2795 0.753585 0.422606 -0.998 -0.0567 -0.0291
vtn 14.7098 15.6237 6.25424 0.632474 0.607553 -0.998 -0.0567 -0.0291
vtn 14.5887 17.5956 6.56572 0.447526 0.373928 -0.0199 -0.1572 0.9874
vtn 14.7098 15.6237 6.25424 0.632474 0.607553 -0.0199 -0.1572 0.9874
vtn 16.7057 15.7371 6.31251 0.511362 0.7925 -0.0199 -0.1572 0.9874
vtn 16.7057 15.7371 6.31251 0.511362 0.7925 0.998 0.0567 0.0291
vtn 16.7455 16.0515 4.33777 0.390251 0.977447 0.998 0.0567 0.0291
vtn 16.6244 18.0234 4.64925 0.205304 0.743823 0.998 0.0567 0.0291
vtn 14.5887 17.5956 6.56572 0.447526 0.373928 -0.0606 0.9859 0.1557
vtn 16.5846 17.709 6.62398 0.326415 0.558875 -0.0606 0.9859 0.1557
vtn 16.6244 18.0234 4.64925 0.141468 0.325251 -0.0606 0.9859 0.1557
vtn 14.7098 15.6237 6.25424 0.632474 0.607553 0.0606 -0.9859 -0.1557
vtn 14.7496 15.9381 4.2795 0.817421 0.841178 0.0606 -0.9859 -0.1557
vtn 16.7455 16.0515 4.33777 0.69631 1.02612 0.0606 -0.9859 -0.1557
vtn 16.6858 15.5799 7.29982 0.874696 0.237659 0.0199 0.1572 -0.9874
vtn 14.6899 15.4665 7.24155 0.753585 0.422606 0.0199 0.1572 -0.9874
vtn 14.5688 17.4384 7.55303 0.568637 0.188981 0.0199 0.1572 -0.9874
vtn 14.6899 15.4665 7.24155 0.753585 0.422606 -0.998 -0.0567 -0.0291
vtn 14.6501 15.1521 9.21629 0.632474 0.607553 -0.998 -0.0567 -0.0291
vtn 14.529 17.124 9.52777 0.447526 0.373928 -0.998 -0.0567 -0.0291
vtn 14.6501 15.1521 9.21629 0.632474 0.607553 -0.0199 -0.1572 0.9874
vtn 16.6461 15.2655 9.27456 0.511362 0.7925 -0.0199 -0.1572 0.9874
vtn 16.5249 17.2374 9.58603 0.326415 0.558875 -0.0199 -0.1572 0.9874
vtn 16.5249 17.2374 9.58603 0.326415 0.558875 0.998 0.0567 0.0291
vtn 16.6461 15.2655 9.27456 0.511362 0.7925 0.998 0.0567 0.0291
vtn 16.6858 15.5799 7.29982 0.390251 0.977447 0.998 0.0567 0.0291
vtn 14.5688 17.4384 7.55303 0.262579 0.140304 -0.0606 0.9859 0.1557
vtn 14.529 17.124 9.52777 0.447526 0.373928 -0.0606 0.9859 0.1557
vtn 16.5249 17.2374 9.58603 0.326415 0.558875 -0.0606 0.9859 0.1557
vtn 14.6899 15.4665 7.24155 0.817421 0.841178 0.0606 -0.9859 -0.1557
vtn 16.6858 15.5799 7.29982 0.69631 1.02612 0.0606 -0.9859 -0.1557
vtn 16.6461 15.2655 9.27456 0.511362 0.7925 0.0606 -0.9859 -0.1557
vtn 17.2046 15.613 11.2889 0.689749 0.004034 0.0123 -0.2576 0.9662
vtn 15.9512 17.1148 11.7053 0.874696 0.237659 0.0123 -0.2576 0.9662
vtn 14.3929 15.8987 11.4008 0.753585 0.422606 0.0123 -0.2576 0.9662
vtn 14.3929 15.8987 11.4008 0.753585 0.422606 -0.7792 -0.6081 -0.1523
vtn 14.3684 16.414 9.46848 0.632474 0.607553 -0.7792 -0.6081 -0.1523
vtn 15.6218 14.9121 9.05207 0.447526 0.373928 -0.7792 -0.6081 -0.1523
vtn 15.6218 14.9121 9.05207 0.447526 0.373928 -0.0123 0.2576 -0.9662
vtn 14.3684 16.414 9.46848 0.632474 0.607553 -0.0123 0.2576 -0.9662
vtn 15.9267 17.6301 9.77299 0.511362 0.7925 -0.0123 0.2576 -0.9662
vtn 15.9267 17.6301 9.77299 0.511362 0.7925 0.7792 0.6081 0.1523
vtn 15.9512 17.1148 11.7053 0.390251 0.977447 0.7792 0.6081 0.1523
vtn 17.2046 15.613 11.2889 0.205304 0.743823 0.7792 0.6081 0.1523
vtn 15.6218 14.9121 9.05207 0.447526 0.373928 0.6267 -0.7509 -0.2082
vtn 17.1801 16.1282 9.35658 0.326415 0.558875 0.6267 -0.7509 -0.2082
vtn 17.2046 15.613 11.2889 0.141468 0.325251 0.6267 -0.7509 -0.2082
vtn 14.3929 15.8987 11.4008 0.817421 0.841178 -0.6267 0.7509 0.2082
vtn 15.9512 17.1148 11.7053 0.69631 1.02612 -0.6267 0.7509 0.2082
vtn 15.9267 17.6301 9.77299 0.511362 0.7925 -0.6267 0.7509 0.2082
vtn 17.2161 15.2016 12.8167 0.874696 0.237659 0.0123 -0.2576 0.9662
vtn 15.6578 13.9855 12.5121 0.753585 0.422606 0.0123 -0.2576 0.9662
vtn 16.9112 12.4836 12.0957 0.568637 0.188981 0.0123 -0.2576 0.9662
vtn 15.6578 13.9855 12.5121 0.753585 0.422606 -0.7792 -0.6081 -0.1523
vtn 15.6333 14.5008 10.5798 0.632474 0.607553 -0.7792 -0.6081 -0.1523
vtn 16.8867 12.9989 10.1634 0.447526 0.373928 -0.7792 -0.6081 -0.1523
vtn 16.8867 12.9989 10.1634 0.447526 0.373928 -0.0123 0.2576 -0.9662
vtn 15.6333 14.5008 10.5798 0.632474 0.607553 -0.0123 0.2576 -0.9662
vtn 17.1916 15.7169 10.8843 0.511362 0.7925 -0.0123 0.2576 -0.9662
vtn 18.445 14.215 10.4679 0.326415 0.558875 0.7792 0.6081 0.1523
vtn 17.1916 15.7169 10.8843 0.511362 0.7925 0.7792 0.6081 0.1523
vtn 17.2161 15.2016 12.8167 0.390251 0.977447 0.7792 0.6081 0.1523
vtn 16.8867 12.9989 10.1634 0.447526 0.373928 0.6267 -0.7509 -0.2082
vtn 18.445 14.215 10.4679 0.326415 0.558875 0.6267 -0.7509 -0.2082
vtn 18.4695 13.6997 12.4002 0.141468 0.325251 0.6267 -0.7509 -0.2082
vtn 15.6578 13.9855 12.5121 0.817421 0.841178 -0.6267 0.7509 0.2082
vtn 17.2161 15.2016 12.8167 0.69631 1.02612 -0.6267 0.7509 0.2082
vtn 17.1916 15.7169 10.8843 0.511362 0.7925 -0.6267 0.7509 0.2082
vtn 18.4327 14.4727 9.50181 0.689749 0.004034 0.0123 -0.2576 0.9662
vtn 17.1793 15.9745 9.91822 0.874696 0.237659 0.0123 -0.2576 0.9662
vtn 15.621 14.7584 9.61371 0.753585 0.422606 0.0123 -0.2576 0.9662
vtn 15.621 14.7584 9.61371 0.753585 0.422606 -0.7792 -0.6081 -0.1523
vtn 15.5964 15.2737 7.68139 0.632474 0.607553 -0.7792 -0.6081 -0.1523
vtn 16.8499 13.7718 7.26498 0.447526 0.373928 -0.7792 -0.6081 -0.1523
vtn 15.5964 15.2737 7.68139 0.632474 0.607553 -0.0123 0.2576 -0.9662
vtn 17.1548 16.4898 7.9859 0.511362 0.7925 -0.0123 0.2576 -0.9662
vtn 18.4082 14.9879 7.56949 0.326415 0.558875 -0.0123 0.2576 -0.9662
vtn 18.4082 14.9879 7.56949 0.326415 0.558875 0.7792 0.6081 0.1523
vtn 17.1548 16.4898 7.9859 0.511362 0.7925 0.7792 0.6081 0.1523
vtn 17.1793 15.9745 9.91822 0.390251 0.977447 0.7792 0.6081 0.1523
vtn 16.8499 13.7718 7.26498 0.447526 0.373928 0.6267 -0.7509 -0.2082
vtn 18.4082 14.9879 7.56949 0.326415 0.558875 0.6267 -0.7509 -0.2082
vtn 18.4327 14.4727 9.50181 0.141468 0.325251 0.6267 -0.7509 -0.2082
vtn 15.5964 15.2737 7.68139 0.632474 0.607553 -0.6267 0.7509 0.2082
vtn 15.621 14.7584 9.61371 0.817421 0.841178 -0.6267 0.7509 0.2082
vtn 17.1793 15.9745 9.91822 0.69631 1.02612 -0.6267 0.7509 0.2082
vtn 17.2425 15.9565 4.37112 0.874696 0.237659 -0.0215 -0.0575 0.9981
vtn 15.2733 15.6127 4.30894 0.753585 0.422606 -0.0215 -0.0575 0.9981
vtn 15.62 13.6458 4.20313 0.568637 0.188981 -0.0215 -0.0575 0.9981
vtn 15.2733 15.6127 4.30894 0.753585 0.422606 -0.9846 -0.1719 -0.0311
vtn 15.3162 15.7277 2.3127 0.632474 0.607553 -0.9846 -0.1719 -0.0311
vtn 15.663 13.7608 2.2069 0.447526 0.373928 -0.9846 -0.1719 -0.0311
vtn 15.3162 15.7277 2.3127 0.632474 0.607553 0.0215 0.0575 -0.9981
vtn 17.2855 16.0715 2.37489 0.511362 0.7925 0.0215 0.0575 -0.9981
vtn 17.6322 14.1046 2.26908 0.326415 0.558875 0.0215 0.0575 -0.9981
vtn 17.2855 16.0715 2.37489 0.511362 0.7925 0.9846 0.1719 0.0311
vtn 17.2425 15.9565 4.37112 0.390251 0.977447 0.9846 0.1719 0.0311
vtn 17.5893 13.9897 4.26531 0.205304 0.743823 0.9846 0.1719 0.0311
vtn 15.663 13.7608 2.2069 0.447526 0.373928 0.1734 -0.9834 -0.0529
vtn 17.6322 14.1046 2.26908 0.326415 0.558875 0.1734 -0.9834 -0.0529
vtn 17.5893 13.9897 4.26531 0.141468 0.325251 0.1734 -0.9834 -0.0529
vtn 15.2733 15.6127 4.30894 0.817421 0.841178 -0.1734 0.9834 0.0529
vtn 17.2425 15.9565 4.37112 0.69631 1.02612 -0.1734 0.9834 0.0529
vtn 17.2855 16.0715 2.37489 0.511362 0.7925 -0.1734 0.9834 0.0529
vtn 17.8932 11.9323 5.73855 0.689749 0.004034 -0.0215 -0.0575 0.9981
vtn 17.5465 13.8992 5.84435 0.874696 0.237659 -0.0215 -0.0575 0.9981
vtn 15.5772 13.5554 5.78217 0.753585 0.422606 -0.0215 -0.0575 0.9981
vtn 15.5772 13.5554 5.78217 0.753585 0.422606 -0.9846 -0.1719 -0.0311
vtn 15.6202 13.6703 3.78594 0.632474 0.607553 -0.9846 -0.1719 -0.0311
vtn 15.9669 11.7035 3.68014 0.447526 0.373928 -0.9846 -0.1719 -0.0311
vtn 15.9669 11.7035 3.68014 0.447526 0.373928 0.0215 0.0575 -0.9981
vtn 15.6202 13.6703 3.78594 0.632474 0.607553 0.0215 0.0575 -0.9981
vtn 17.5894 14.0142 3.84812 0.511362 0.7925 0.0215 0.0575 -0.9981
vtn 17.5894 14.0142 3.84812 0.511362 0.7925 0.9846 0.1719 0.0311
vtn 17.5465 13.8992 5.84435 0.390251 0.977447 0.9846 0.1719 0.0311
vtn 17.8932 11.9323 5.73855 0.205304 0.743823 0.9846 0.1719 0.0311
vtn 15.9669 11.7035 3.68014 0.447526 0.373928 0.1734 -0.9834 -0.0529
vtn 17.9362 12.0473 3.74232 0.326415 0.558875 0.1734 -0.9834 -0.0529
vtn 17.8932 11.9323 5.73855 0.141468 0.325251 0.1734 -0.9834 -0.0529
vtn 15.5772 13.5554 5.78217 0.817421 0.841178 -0.1734 0.9834 0.0529
vtn 17.5465 13.8992 5.84435 0.69631 1.02612 -0.1734 0.9834 0.0529
vtn 17.5894 14.0142 3.84812 0.511362 0.7925 -0.1734 0.9834 0.0529
vtn 17.6109 14.0716 2.85006 0.874696 0.237659 -0.0215 -0.0575 0.9981
vtn 15.6417 13.7278 2.78788 0.753585 0.422606 -0.0215 -0.0575 0.9981
vtn 15.9884 11.7609 2.68208 0.568637 0.188981 -0.0215 -0.0575 0.9981
vtn 15.6417 13.7278 2.78788 0.753585 0.422606 -0.9846 -0.1719 -0.0311
vtn 15.6846 13.8428 0.791649 0.632474 0.607553 -0.9846 -0.1719 -0.0311
vtn 16.0314 11.8759 0.685846 0.447526 0.373928 -0.9846 -0.1719 -0.0311
vtn 15.6846 13.8428 0.791649 0.632474 0.607553 0.0215 0.0575 -0.9981
vtn 17.6539 14.1866 0.853828 0.511362 0.7925 0.0215 0.0575 -0.9981
vtn 18.0006 12.2197 0.748025 0.326415 0.558875 0.0215 0.0575 -0.9981
vtn 18.0006 12.2197 0.748025 0.326415 0.558875 0.9846 0.1719 0.0311
vtn 17.6539 14.1866 0.853828 0.511362 0.7925 0.9846 0.1719 0.0311
vtn 17.6109 14.0716 2.85006 0.390251 0.977447 0.9846 0.1719 0.0311
vtn 15.9884 11.7609 2.68208 0.262579 0.140304 0.1734 -0.9834 -0.0529
vtn 16.0314 11.8759 0.685846 0.447526 0.373928 0.1734 -0.9834 -0.0529
vtn 18.0006 12.2197 0.748025 0.326415 0.558875 0.1734 -0.9834 -0.0529
vtn 15.6417 13.7278 2.78788 0.817421 0.841178 -0.1734 0.9834 0.0529
vtn 17.6109 14.0716 2.85006 0.69631 1.02612 -0.1734 0.9834 0.0529
vtn 17.6539 14.1866 0.853828 0.511362 0.7925 -0.1734 0.9834 0.0529
vtn 17.2907 18.1402 2.94831 0.689749 0.004034 -0.0215 -0.0575 0.9981
vtn 16.9439 20.107 3.05411 0.874696 0.237659 -0.0215 -0.0575 0.9981
vtn 14.9747 19.7632 2.99193 0.753585 0.422606 -0.0215 -0.0575 0.9981
vtn 14.9747 19.7632 2.99193 0.753585 0.422606 -0.9846 -0.1719 -0.0311
vtn 15.0176 19.8782 0.995702 0.632474 0.607553 -0.9846 -0.1719 -0.0311
vtn 15.3644 17.9113 0.889899 0.447526 0.373928 -0.9846 -0.1719 -0.0311
vtn 15.0176 19.8782 0.995702 0.632474 0.607553 0.0215 0.0575 -0.9981
vtn 16.9869 20.222 1.05788 0.511362 0.7925 0.0215 0.0575 -0.9981
vtn 17.3336 18.2551 0.952078 0.326415 0.558875 0.0215 0.0575 -0.9981
vtn 17.3336 18.2551 0.952078 0.326415 0.558875 0.9846 0.1719 0.0311
vtn 16.9869 20.222 1.05788 0.511362 0.7925 0.9846 0.1719 0.0311
vtn 16.9439 20.107 3.05411 0.390251 0.977447 0.9846 0.1719 0.0311
vtn 15.3644 17.9113 0.889899 0.447526 0.373928 0.1734 -0.9834 -0.0529
vtn 17.3336 18.2551 0.952078 0.326415 0.558875 0.1734 -0.9834 -0.0529
vtn 17.2907 18.1402 2.94831 0.141468 0.325251 0.1734 -0.9834 -0.0529
vtn 15.0176 19.8782 0.995702 0.632474 0.607553 -0.1734 0.9834 0.0529
vtn 14.9747 19.7632 2.99193 0.817421 0.841178 -0.1734 0.9834 0.0529
vtn 16.9439 20.107 3.05411 0.69631 1.02612 -0.1734 0.9834 0.0529
vtn 17.5946 16.0828 4.42155 0.689749 0.004034 -0.0215 -0.0575 0.9981
vtn 17.2479 18.0497 4.52735 0.874696 0.237659 -0.0215 -0.0575 0.9981
vtn 15.2786 17.7059 4.46517 0.753585 0.422606 -0.0215 -0.0575 0.9981
vtn 15.6254 15.739 4.35936 0.568637 0.188981 -0.9846 -0.1719 -0.0311
vtn 15.2786 17.7059 4.46517 0.753585 0.422606 -0.9846 -0.1719 -0.0311
vtn 15.3216 17.8209 2.46894 0.632474 0.607553 -0.9846 -0.1719 -0.0311
vtn 15.3216 17.8209 2.46894 0.632474 0.607553 0.0215 0.0575 -0.9981
vtn 17.2908 18.1647 2.53112 0.511362 0.7925 0.0215 0.0575 -0.9981
vtn 17.6376 16.1978 2.42531 0.326415 0.558875 0.0215 0.0575 -0.9981
vtn 17.6376 16.1978 2.42531 0.326415 0.558875 0.9846 0.1719 0.0311
vtn 17.2908 18.1647 2.53112 0.511362 0.7925 0.9846 0.1719 0.0311
vtn 17.2479 18.0497 4.52735 0.390251 0.977447 0.9846 0.1719 0.0311
vtn 15.6254 15.739 4.35936 0.262579 0.140304 0.1734 -0.9834 -0.0529
vtn 15.6683 15.854 2.36313 0.447526 0.373928 0.1734 -0.9834 -0.0529
vtn 17.6376 16.1978 2.42531 0.326415 0.558875 0.1734 -0.9834 -0.0529
vtn 15.3216 17.8209 2.46894 0.632474 0.607553 -0.1734 0.9834 0.0529
vtn 15.2786 17.7059 4.46517 0.817421 0.841178 -0.1734 0.9834 0.0529
vtn 17.2479 18.0497 4.52735 0.69631 1.02612 -0.1734 0.9834 0.0529
vtn 17.3123 18.2221 1.53306 0.874696 0.237659 -0.0215 -0.0575 0.9981
vtn 15.3431 17.8783 1.47088 0.753585 0.422606 -0.0215 -0.0575 0.9981
vtn 15.6898 15.9115 1.36507 0.568637 0.188981 -0.0215 -0.0575 0.9981
vtn 15.3431 17.8783 1.47088 0.753585 0.422606 -0.9846 -0.1719 -0.0311
vtn 15.386 17.9933 -0.525353 0.632474 0.607553 -0.9846 -0.1719 -0.0311
vtn 15.7328 16.0264 -0.631159 0.447526 0.373928 -0.9846 -0.1719 -0.0311
vtn 15.386 17.9933 -0.525353 0.632474 0.607553 0.0215 0.0575 -0.9981
vtn 17.3553 18.3371 -0.463175 0.511362 0.7925 0.0215 0.0575 -0.9981
vtn 17.702 16.3702 -0.568977 0.326415 0.558875 0.0215 0.0575 -0.9981
vtn 17.702 16.3702 -0.568977 0.326415 0.558875 0.9846 0.1719 0.0311
vtn 17.3553 18.3371 -0.463175 0.511362 0.7925 0.9846 0.1719 0.0311
vtn 17.3123 18.2221 1.53306 0.390251 0.977447 0.9846 0.1719 0.0311
vtn 15.7328 16.0264 -0.631159 0.447526 0.373928 0.1734 -0.9834 -0.0529
vtn 17.702 16.3702 -0.568977 0.326415 0.558875 0.1734 -0.9834 -0.0529
vtn 17.6591 16.2553 1.42725 0.141468 0.325251 0.1734 -0.9834 -0.0529
vtn 15.386 17.9933 -0.525353 0.632474 0.607553 -0.1734 0.9834 0.0529
vtn 15.3431 17.8783 1.47088 0.817421 0.841178 -0.1734 0.9834 0.0529
vtn 17.3123 18.2221 1.53306 0.69631 1.02612 -0.1734 0.9834 0.0529
vtn 18.0586 14.9667 2.06903 0.874696 0.237659 0.2039 -0.7996 0.5649
vtn 16.1303 14.4386 2.01768 0.753585 0.422606 0.2039 -0.7996 0.5649
vtn 16.4696 13.3598 0.368126 0.568637 0.188981 0.2039 -0.7996 0.5649
vtn 16.4696 13.3598 0.368126 0.568637 0.188981 -0.9642 -0.2641 -0.0257
vtn 16.1303 14.4386 2.01768 0.753585 0.422606 -0.9642 -0.2641 -0.0257
vtn 15.7224 16.0377 0.887928 0.632474 0.607553 -0.9642 -0.2641 -0.0257
vtn 15.7224 16.0377 0.887928 0.632474 0.607553 -0.2039 0.7996 -0.5649
vtn 17.6507 16.5658 0.939275 0.511362 0.7925 -0.2039 0.7996 -0.5649
vtn 17.9901 15.487 -0.710279 0.326415 0.558875 -0.2039 0.7996 -0.5649
vtn 17.6507 16.5658 0.939275 0.511362 0.7925 0.9642 0.2641 0.0257
vtn 18.0586 14.9667 2.06903 0.390251 0.977447 0.9642 0.2641 0.0257
vtn 18.398 13.8879 0.419473 0.205304 0.743823 0.9642 0.2641 0.0257
vtn 16.0617 14.9589 -0.761626 0.447526 0.373928 0.1697 -0.5394 -0.8248
vtn 17.9901 15.487 -0.710279 0.326415 0.558875 0.1697 -0.5394 -0.8248
vtn 18.398 13.8879 0.419473 0.141468 0.325251 0.1697 -0.5394 -0.8248
vtn 16.1303 14.4386 2.01768 0.817421 0.841178 -0.1697 0.5394 0.8248
vtn 18.0586 14.9667 2.06903 0.69631 1.02612 -0.1697 0.5394 0.8248
vtn 17.6507 16.5658 0.939275 0.511362 0.7925 -0.1697 0.5394 0.8248
vtn 18.712 12.6216 1.31464 0.874696 0.237659 0.2039 -0.7996 0.5649
vtn 16.7837 12.0935 1.26329 0.753585 0.422606 0.2039 -0.7996 0.5649
vtn 17.123 11.0147 -0.38626 0.568637 0.188981 0.2039 -0.7996 0.5649
vtn 17.123 11.0147 -0.38626 0.568637 0.188981 -0.9642 -0.2641 -0.0257
vtn 16.7837 12.0935 1.26329 0.753585 0.422606 -0.9642 -0.2641 -0.0257
vtn 16.3758 13.6927 0.13354 0.632474 0.607553 -0.9642 -0.2641 -0.0257
vtn 16.3758 13.6927 0.13354 0.632474 0.607553 -0.2039 0.7996 -0.5649
vtn 18.3041 14.2208 0.184889 0.511362 0.7925 -0.2039 0.7996 -0.5649
vtn 18.6435 13.142 -1.46467 0.326415 0.558875 -0.2039 0.7996 -0.5649
vtn 18.3041 14.2208 0.184889 0.511362 0.7925 0.9642 0.2641 0.0257
vtn 18.712 12.6216 1.31464 0.390251 0.977447 0.9642 0.2641 0.0257
vtn 19.0514 11.5428 -0.334914 0.205304 0.743823 0.9642 0.2641 0.0257
vtn 16.7152 12.6139 -1.51601 0.447526 0.373928 0.1697 -0.5394 -0.8248
vtn 18.6435 13.142 -1.46467 0.326415 0.558875 0.1697 -0.5394 -0.8248
vtn 19.0514 11.5428 -0.334914 0.141468 0.325251 0.1697 -0.5394 -0.8248
vtn 16.7837 12.0935 1.26329 0.817421 0.841178 -0.1697 0.5394 0.8248
vtn 18.712 12.6216 1.31464 0.69631 1.02612 -0.1697 0.5394 0.8248
vtn 18.3041 14.2208 0.184889 0.511362 0.7925 -0.1697 0.5394 0.8248
vtn 18.1002 15.0203 -0.379957 0.874696 0.237659 0.2039 -0.7996 0.5649
vtn 16.1719 14.4922 -0.431303 0.753585 0.422606 0.2039 -0.7996 0.5649
vtn 16.5112 13.4134 -2.08086 0.568637 0.188981 0.2039 -0.7996 0.5649
vtn 16.5112 13.4134 -2.08086 0.568637 0.188981 -0.9642 -0.2641 -0.0257
vtn 16.1719 14.4922 -0.431303 0.753585 0.422606 -0.9642 -0.2641 -0.0257
vtn 15.764 16.0913 -1.56105 0.632474 0.607553 -0.9642 -0.2641 -0.0257
vtn 15.764 16.0913 -1.56105 0.632474 0.607553 -0.2039 0.7996 -0.5649
vtn 17.6923 16.6195 -1.50971 0.511362 0.7925 -0.2039 0.7996 -0.5649
vtn 18.0317 15.5407 -3.15926 0.326415 0.558875 -0.2039 0.7996 -0.5649
vtn 17.6923 16.6195 -1.50971 0.511362 0.7925 0.9642 0.2641 0.0257
vtn 18.1002 15.0203 -0.379957 0.390251 0.977447 0.9642 0.2641 0.0257
vtn 18.4396 13.9415 -2.02951 0.205304 0.743823 0.9642 0.2641 0.0257
vtn 16.5112 13.4134 -2.08086 0.262579 0.140304 0.1697 -0.5394 -0.8248
vtn 16.1034 15.0126 -3.21061 0.447526 0.373928 0.1697 -0.5394 -0.8248
vtn 18.0317 15.5407 -3.15926 0.326415 0.558875 0.1697 -0.5394 -0.8248
vtn 16.1719 14.4922 -0.431303 0.817421 0.841178 -0.1697 0.5394 0.8248
vtn 18.1002 15.0203 -0.379957 0.69631 1.02612 -0.1697 0.5394 0.8248
vtn 17.6923 16.6195 -1.50971 0.511362 0.7925 -0.1697 0.5394 0.8248
vtn 15.8262 20.1143 6.72797 0.689749 0.004034 -0.3296 0.9428 -0.0502
vtn 16.5087 20.2531 4.85317 0.874696 0.237659 -0.3296 0.9428 -0.0502
vtn 14.7482 19.601 4.16393 0.753585 0.422606 -0.3296 0.9428 -0.0502
vtn 14.0656 19.4622 6.03872 0.568637 0.188981 -0.8803 -0.3261 -0.3446
vtn 14.7482 19.601 4.16393 0.753585 0.422606 -0.8803 -0.3261 -0.3446
vtn 15.4073 17.7154 4.2643 0.632474 0.607553 -0.8803 -0.3261 -0.3446
vtn 15.4073 17.7154 4.2643 0.632474 0.607553 0.3296 -0.9428 0.0502
vtn 17.1679 18.3675 4.95355 0.511362 0.7925 0.3296 -0.9428 0.0502
vtn 16.4853 18.2287 6.82835 0.326415 0.558875 0.3296 -0.9428 0.0502
vtn 17.1679 18.3675 4.95355 0.511362 0.7925 0.8803 0.3261 0.3446
vtn 16.5087 20.2531 4.85317 0.390251 0.977447 0.8803 0.3261 0.3446
vtn 15.8262 20.1143 6.72797 0.205304 0.743823 0.8803 0.3261 0.3446
vtn 14.7247 17.5766 6.1391 0.447526 0.373928 -0.3413 -0.0694 0.9374
vtn 16.4853 18.2287 6.82835 0.326415 0.558875 -0.3413 -0.0694 0.9374
vtn 15.8262 20.1143 6.72797 0.141468 0.325251 -0.3413 -0.0694 0.9374
vtn 14.7482 19.601 4.16393 0.817421 0.841178 0.3413 0.0694 -0.9374
vtn 16.5087 20.2531 4.85317 0.69631 1.02612 0.3413 0.0694 -0.9374
vtn 17.1679 18.3675 4.95355 0.511362 0.7925 0.3413 0.0694 -0.9374
vtn 14.6153 21.4645 8.51852 0.689749 0.004034 -0.3296 0.9428 -0.0502
vtn 15.2979 21.6033 6.64372 0.874696 0.237659 -0.3296 0.9428 -0.0502
vtn 13.5373 20.9512 5.95448 0.753585 0.422606 -0.3296 0.9428 -0.0502
vtn 12.8548 20.8124 7.82927 0.568637 0.188981 -0.8803 -0.3261 -0.3446
vtn 13.5373 20.9512 5.95448 0.753585 0.422606 -0.8803 -0.3261 -0.3446
vtn 14.1964 19.0656 6.05485 0.632474 0.607553 -0.8803 -0.3261 -0.3446
vtn 14.1964 19.0656 6.05485 0.632474 0.607553 0.3296 -0.9428 0.0502
vtn 15.957 19.7177 6.7441 0.511362 0.7925 0.3296 -0.9428 0.0502
vtn 15.2745 19.5789 8.6189 0.326415 0.558875 0.3296 -0.9428 0.0502
vtn 15.957 19.7177 6.7441 0.511362 0.7925 0.8803 0.3261 0.3446
vtn 15.2979 21.6033 6.64372 0.390251 0.977447 0.8803 0.3261 0.3446
vtn 14.6153 21.4645 8.51852 0.205304 0.743823 0.8803 0.3261 0.3446
vtn 13.5139 18.9268 7.92965 0.447526 0.373928 -0.3413 -0.0694 0.9374
vtn 15.2745 19.5789 8.6189 0.326415 0.558875 -0.3413 -0.0694 0.9374
vtn 14.6153 21.4645 8.51852 0.141468 0.325251 -0.3413 -0.0694 0.9374
vtn 13.5373 20.9512 5.95448 0.817421 0.841178 0.3413 0.0694 -0.9374
vtn 15.2979 21.6033 6.64372 0.69631 1.02612 0.3413 0.0694 -0.9374
vtn 15.957 19.7177 6.7441 0.511362 0.7925 0.3413 0.0694 -0.9374
vtn 16.2866 18.775 6.79429 0.874696 0.237659 -0.3296 0.9428 -0.0502
vtn 14.526 18.1229 6.10504 0.753585 0.422606 -0.3296 0.9428 -0.0502
vtn 13.8434 17.9841 7.97984 0.568637 0.188981 -0.3296 0.9428 -0.0502
vtn 13.8434 17.9841 7.97984 0.568637 0.188981 -0.8803 -0.3261 -0.3446
vtn 14.526 18.1229 6.10504 0.753585 0.422606 -0.8803 -0.3261 -0.3446
vtn 15.1851 16.2373 6.20542 0.632474 0.607553 -0.8803 -0.3261 -0.3446
vtn 15.1851 16.2373 6.20542 0.632474 0.607553 0.3296 -0.9428 0.0502
vtn 16.9457 16.8894 6.89467 0.511362 0.7925 0.3296 -0.9428 0.0502
vtn 16.2631 16.7506 8.76946 0.326415 0.558875 0.3296 -0.9428 0.0502
vtn 16.2631 16.7506 8.76946 0.326415 0.558875 0.8803 0.3261 0.3446
vtn 16.9457 16.8894 6.89467 0.511362 0.7925 0.8803 0.3261 0.3446
vtn 16.2866 18.775 6.79429 0.390251 0.977447 0.8803 0.3261 0.3446
vtn 14.5026 16.0985 8.08022 0.447526 0.373928 -0.3413 -0.0694 0.9374
vtn 16.2631 16.7506 8.76946 0.326415 0.558875 -0.3413 -0.0694 0.9374
vtn 15.604 18.6362 8.66908 0.141468 0.325251 -0.3413 -0.0694 0.9374
vtn 14.526 18.1229 6.10504 0.817421 0.841178 0.3413 0.0694 -0.9374
vtn 16.2866 18.775 6.79429 0.69631 1.02612 0.3413 0.0694 -0.9374
vtn 16.9457 16.8894 6.89467 0.511362 0.7925 0.3413 0.0694 -0.9374
vtn 13.889 17.7078 13.7357 0.874696 0.237659 -0.5374 0.717 0.4439
vtn 15.4844 18.9137 13.7193 0.753585 0.422606 -0.5374 0.717 0.4439
vtn 14.9374 19.6132 11.9273 0.568637 0.188981 -0.5374 0.717 0.4439
vtn 15.4844 18.9137 13.7193 0.753585 0.422606 0.7977 0.6029 -0.0082
vtn 16.5592 17.4796 12.8315 0.632474 0.607553 0.7977 0.6029 -0.0082
vtn 16.0121 18.1791 11.0394 0.447526 0.373928 0.7977 0.6029 -0.0082
vtn 16.0121 18.1791 11.0394 0.447526 0.373928 0.5374 -0.717 -0.4439
vtn 16.5592 17.4796 12.8315 0.632474 0.607553 0.5374 -0.717 -0.4439
vtn 14.9637 16.2737 12.8478 0.511362 0.7925 0.5374 -0.717 -0.4439
vtn 14.4167 16.9732 11.0558 0.326415 0.558875 -0.7977 -0.6029 0.0082
vtn 14.9637 16.2737 12.8478 0.511362 0.7925 -0.7977 -0.6029 0.0082
vtn 13.889 17.7078 13.7357 0.390251 0.977447 -0.7977 -0.6029 0.0082
vtn 16.0121 18.1791 11.0394 0.447526 0.373928 -0.2735 0.3498 -0.896
vtn 14.4167 16.9732 11.0558 0.326415 0.558875 -0.2735 0.3498 -0.896
vtn 13.3419 18.4073 11.9437 0.141468 0.325251 -0.2735 0.3498 -0.896
vtn 16.5592 17.4796 12.8315 0.632474 0.607553 0.2735 -0.3498 0.896
vtn 15.4844 18.9137 13.7193 0.817421 0.841178 0.2735 -0.3498 0.896
vtn 13.889 17.7078 13.7357 0.69631 1.02612 0.2735 -0.3498 0.896
vtn 12.499 19.5462 12.6478 0.874696 0.237659 -0.5374 0.717 0.4439
vtn 14.0945 20.7521 12.6314 0.753585 0.422606 -0.5374 0.717 0.4439
vtn 13.5474 21.4516 10.8394 0.568637 0.188981 -0.5374 0.717 0.4439
vtn 13.5474 21.4516 10.8394 0.568637 0.188981 0.7977 0.6029 -0.0082
vtn 14.0945 20.7521 12.6314 0.753585 0.422606 0.7977 0.6029 -0.0082
vtn 15.1693 19.3181 11.7435 0.632474 0.607553 0.7977 0.6029 -0.0082
vtn 14.6222 20.0176 9.95151 0.447526 0.373928 0.5374 -0.717 -0.4439
vtn 15.1693 19.3181 11.7435 0.632474 0.607553 0.5374 -0.717 -0.4439
vtn 13.5738 18.1122 11.7599 0.511362 0.7925 0.5374 -0.717 -0.4439
vtn 13.5738 18.1122 11.7599 0.511362 0.7925 -0.7977 -0.6029 0.0082
vtn 12.499 19.5462 12.6478 0.390251 0.977447 -0.7977 -0.6029 0.0082
vtn 11.952 20.2457 10.8558 0.205304 0.743823 -0.7977 -0.6029 0.0082
vtn 14.6222 20.0176 9.95151 0.447526 0.373928 -0.2735 0.3498 -0.896
vtn 13.0267 18.8117 9.96786 0.326415 0.558875 -0.2735 0.3498 -0.896
vtn 11.952 20.2457 10.8558 0.141468 0.325251 -0.2735 0.3498 -0.896
vtn 15.1693 19.3181 11.7435 0.632474 0.607553 0.2735 -0.3498 0.896
vtn 14.0945 20.7521 12.6314 0.817421 0.841178 0.2735 -0.3498 0.896
vtn 12.499 19.5462 12.6478 0.69631 1.02612 0.2735 -0.3498 0.896
vtn 13.5641 18.0947 9.52394 0.689749 0.004034 -0.5374 0.717 0.4439
vtn 14.1112 17.3952 11.316 0.874696 0.237659 -0.5374 0.717 0.4439
vtn 15.7067 18.6011 11.2996 0.753585 0.422606 -0.5374 0.717 0.4439
vtn 15.7067 18.6011 11.2996 0.753585 0.422606 0.7977 0.6029 -0.0082
vtn 16.7814 17.167 10.4117 0.632474 0.607553 0.7977 0.6029 -0.0082
vtn 16.2344 17.8666 8.6197 0.447526 0.373928 0.7977 0.6029 -0.0082
vtn 16.2344 17.8666 8.6197 0.447526 0.373928 0.5374 -0.717 -0.4439
vtn 16.7814 17.167 10.4117 0.632474 0.607553 0.5374 -0.717 -0.4439
vtn 15.186 15.9612 10.4281 0.511362 0.7925 0.5374 -0.717 -0.4439
vtn 14.6389 16.6607 8.63605 0.326415 0.558875 -0.7977 -0.6029 0.0082
vtn 15.186 15.9612 10.4281 0.511362 0.7925 -0.7977 -0.6029 0.0082
vtn 14.1112 17.3952 11.316 0.390251 0.977447 -0.7977 -0.6029 0.0082
vtn 16.2344 17.8666 8.6197 0.447526 0.373928 -0.2735 0.3498 -0.896
vtn 14.6389 16.6607 8.63605 0.326415 0.558875 -0.2735 0.3498 -0.896
vtn 13.5641 18.0947 9.52394 0.141468 0.325251 -0.2735 0.3498 -0.896
vtn 15.7067 18.6011 11.2996 0.817421 0.841178 0.2735 -0.3498 0.896
vtn 14.1112 17.3952 11.316 0.69631 1.02612 0.2735 -0.3498 0.896
vtn 15.186 15.9612 10.4281 0.511362 0.7925 0.2735 -0.3498 0.896
vtn 13.4845 21.4403 2.64253 0.874696 0.237659 -0.4073 -0.5218 0.7495
vtn 14.0077 19.7344 1.73922 0.753585 0.422606 -0.4073 -0.5218 0.7495
vtn 15.7578 19.7587 2.70707 0.568637 0.188981 -0.4073 -0.5218 0.7496
vtn 14.0077 19.7344 1.73922 0.753585 0.422606 0.2616 -0.853 -0.4517
vtn 14.8223 20.778 0.240118 0.632474 0.607553 0.2616 -0.853 -0.4517
vtn 16.5724 20.8023 1.20797 0.447526 0.373928 0.2616 -0.853 -0.4517
vtn 16.5724 20.8023 1.20797 0.447526 0.373928 0.4073 0.5218 -0.7495
vtn 14.8223 20.778 0.240118 0.632474 0.607553 0.4073 0.5218 -0.7496
vtn 14.2991 22.4839 1.14343 0.511362 0.7925 0.4073 0.5218 -0.7495
vtn 16.0491 22.5082 2.11128 0.326415 0.558875 -0.2616 0.853 0.4517
vtn 14.2991 22.4839 1.14343 0.511362 0.7925 -0.2616 0.853 0.4517
vtn 13.4845 21.4403 2.64253 0.390251 0.977447 -0.2616 0.853 0.4517
vtn 16.5724 20.8023 1.20797 0.447526 0.373928 0.875 0.0122 0.4839
vtn 16.0491 22.5082 2.11128 0.326415 0.558875 0.875 0.0121 0.4839
vtn 15.2345 21.4646 3.61038 0.141468 0.325251 0.875 0.0122 0.4839
vtn 14.0077 19.7344 1.73922 0.817421 0.841178 -0.875 -0.0122 -0.4839
vtn 13.4845 21.4403 2.64253 0.69631 1.02612 -0.875 -0.0122 -0.4839
vtn 14.2991 22.4839 1.14343 0.511362 0.7925 -0.875 -0.0122 -0.4839
vtn 16.3407 20.6559 5.7593 0.689749 0.004034 -0.4073 -0.5218 0.7495
vtn 14.5906 20.6316 4.79145 0.874696 0.237659 -0.4073 -0.5218 0.7495
vtn 15.1139 18.9257 3.88814 0.753585 0.422606 -0.4073 -0.5218 0.7495
vtn 16.8639 18.95 4.85599 0.568637 0.188981 0.2616 -0.853 -0.4517
vtn 15.1139 18.9257 3.88814 0.753585 0.422606 0.2616 -0.853 -0.4517
vtn 15.9285 19.9693 2.38904 0.632474 0.607553 0.2616 -0.853 -0.4517
vtn 17.6785 19.9936 3.35689 0.447526 0.373928 0.4073 0.5218 -0.7496
vtn 15.9285 19.9693 2.38904 0.632474 0.607553 0.4073 0.5218 -0.7496
vtn 15.4052 21.6753 3.29235 0.511362 0.7925 0.4073 0.5218 -0.7496
vtn 17.1553 21.6996 4.2602 0.326415 0.558875 -0.2616 0.853 0.4517
vtn 15.4052 21.6753 3.29235 0.511362 0.7925 -0.2616 0.853 0.4517
vtn 14.5906 20.6316 4.79145 0.390251 0.977447 -0.2616 0.853 0.4517
vtn 17.6785 19.9936 3.35689 0.447526 0.373928 0.875 0.0122 0.4839
vtn 17.1553 21.6996 4.2602 0.326415 0.558875 0.875 0.0121 0.4839
vtn 16.3407 20.6559 5.7593 0.141468 0.325251 0.875 0.0122 0.4839
vtn 15.9285 19.9693 2.38904 0.632474 0.607553 -0.875 -0.0122 -0.4839
vtn 15.1139 18.9257 3.88814 0.817421 0.841178 -0.875 -0.0122 -0.4839
vtn 14.5906 20.6316 4.79145 0.69631 1.02612 -0.875 -0.0122 -0.4839
vtn 17.5625 22.2214 3.51069 0.689749 0.004034 -0.4073 -0.5218 0.7495
vtn 15.8125 22.1971 2.54284 0.874696 0.237659 -0.4073 -0.5218 0.7496
vtn 16.3357 20.4911 1.63953 0.753585 0.422606 -0.4073 -0.5218 0.7495
vtn 18.0858 20.5154 2.60738 0.568637 0.188981 0.2616 -0.853 -0.4517
vtn 16.3357 20.4911 1.63953 0.753585 0.422606 0.2616 -0.853 -0.4517
vtn 17.1503 21.5348 0.140432 0.632474 0.607553 0.2616 -0.853 -0.4517
vtn 18.9003 21.5591 1.10828 0.447526 0.373928 0.4073 0.5218 -0.7495
vtn 17.1503 21.5348 0.140432 0.632474 0.607553 0.4073 0.5218 -0.7495
vtn 16.627 23.2407 1.04374 0.511362 0.7925 0.4073 0.5218 -0.7495
vtn 16.627 23.2407 1.04374 0.511362 0.7925 -0.2616 0.853 0.4517
vtn 15.8125 22.1971 2.54284 0.390251 0.977447 -0.2616 0.853 0.4517
vtn 17.5625 22.2214 3.51069 0.205304 0.743823 -0.2616 0.853 0.4517
vtn 18.9003 21.5591 1.10828 0.447526 0.373928 0.875 0.0122 0.4839
vtn 18.3771 23.265 2.01159 0.326415 0.558875 0.875 0.0122 0.4839
vtn 17.5625 22.2214 3.51069 0.141468 0.325251 0.875 0.0122 0.4839
vtn 16.3357 20.4911 1.63953 0.817421 0.841178 -0.875 -0.0122 -0.4839
vtn 15.8125 22.1971 2.54284 0.69631 1.02612 -0.875 -0.0122 -0.4839
vtn 16.627 23.2407 1.04374 0.511362 0.7925 -0.875 -0.0122 -0.4839
vtn 17.9691 10.8339 4.04244 0.874696 0.237659 0.0975 -0.834 0.5431
vtn 15.9819 10.6079 4.05199 0.753585 0.422606 0.0975 -0.834 0.5431
vtn 16.0967 9.5276 2.37275 0.568637 0.188981 0.0975 -0.834 0.5431
vtn 15.9819 10.6079 4.05199 0.753585 0.422606 -0.9936 -0.113 0.0048
vtn 15.787 12.2758 2.9657 0.632474 0.607553 -0.9936 -0.113 0.0048
vtn 15.9018 11.1955 1.28646 0.447526 0.373928 -0.9936 -0.113 0.0048
vtn 15.787 12.2758 2.9657 0.632474 0.607553 -0.0975 0.834 -0.5431
vtn 17.7742 12.5018 2.95615 0.511362 0.7925 -0.0975 0.834 -0.5431
vtn 17.889 11.4215 1.2769 0.326415 0.558875 -0.0975 0.834 -0.5431
vtn 17.889 11.4215 1.2769 0.326415 0.558875 0.9936 0.113 -0.0048
vtn 17.7742 12.5018 2.95615 0.511362 0.7925 0.9936 0.113 -0.0048
vtn 17.9691 10.8339 4.04244 0.390251 0.977447 0.9936 0.113 -0.0048
vtn 15.9018 11.1955 1.28646 0.447526 0.373928 0.0574 -0.5401 -0.8396
vtn 17.889 11.4215 1.2769 0.326415 0.558875 0.0574 -0.5401 -0.8396
vtn 18.0839 9.7536 2.36319 0.141468 0.325251 0.0574 -0.5401 -0.8396
vtn 15.787 12.2758 2.9657 0.632474 0.607553 -0.0574 0.5401 0.8396
vtn 15.9819 10.6079 4.05199 0.817421 0.841178 -0.0574 0.5401 0.8396
vtn 17.9691 10.8339 4.04244 0.69631 1.02612 -0.0574 0.5401 0.8396
vtn 18.2294 8.43423 3.22427 0.874696 0.237659 0.0975 -0.834 0.5431
vtn 16.2422 8.20823 3.23383 0.753585 0.422606 0.0975 -0.834 0.5431
vtn 16.357 7.12798 1.55458 0.568637 0.188981 0.0975 -0.834 0.5431
vtn 16.2422 8.20823 3.23383 0.753585 0.422606 -0.9936 -0.113 0.0048
vtn 16.0473 9.87616 2.14753 0.632474 0.607553 -0.9936 -0.113 0.0048
vtn 16.1621 8.7959 0.468286 0.447526 0.373928 -0.9936 -0.113 0.0048
vtn 16.0473 9.87616 2.14753 0.632474 0.607553 -0.0975 0.834 -0.5431
vtn 18.0345 10.1022 2.13798 0.511362 0.7925 -0.0975 0.834 -0.5431
vtn 18.1493 9.0219 0.458726 0.326415 0.558875 -0.0975 0.834 -0.5431
vtn 18.0345 10.1022 2.13798 0.511362 0.7925 0.9936 0.113 -0.0048
vtn 18.2294 8.43423 3.22427 0.390251 0.977447 0.9936 0.113 -0.0048
vtn 18.3442 7.35397 1.54502 0.205304 0.743823 0.9936 0.113 -0.0048
vtn 16.357 7.12798 1.55458 0.262579 0.140304 0.0574 -0.5401 -0.8396
vtn 16.1621 8.7959 0.468286 0.447526 0.373928 0.0574 -0.5401 -0.8396
vtn 18.1493 9.0219 0.458726 0.326415 0.558875 0.0574 -0.5401 -0.8396
vtn 16.2422 8.20823 3.23383 0.817421 0.841178 -0.0574 0.5401 0.8396
vtn 18.2294 8.43423 3.22427 0.69631 1.02612 -0.0574 0.5401 0.8396
vtn 18.0345 10.1022 2.13798 0.511362 0.7925 -0.0574 0.5401 0.8396
vtn 18.0518 9.85582 -0.084389 0.689749 0.004034 0.0975 -0.834 0.5431
vtn 17.937 10.9361 1.59486 0.874696 0.237659 0.0975 -0.834 0.5431
vtn 15.9499 10.7101 1.60442 0.753585 0.422606 0.0975 -0.834 0.5431
vtn 16.0647 9.62982 -0.074832 0.568637 0.188981 -0.9936 -0.113 0.0048
vtn 15.9499 10.7101 1.60442 0.753585 0.422606 -0.9936 -0.113 0.0048
vtn 15.755 12.378 0.518125 0.632474 0.607553 -0.9936 -0.113 0.0048
vtn 15.755 12.378 0.518125 0.632474 0.607553 -0.0975 0.834 -0.5431
vtn 17.7421 12.604 0.508567 0.511362 0.7925 -0.0975 0.834 -0.5431
vtn 17.8569 11.5237 -1.17068 0.326415 0.558875 -0.0975 0.834 -0.5431
vtn 17.7421 12.604 0.508567 0.511362 0.7925 0.9936 0.113 -0.0048
vtn 17.937 10.9361 1.59486 0.390251 0.977447 0.9936 0.113 -0.0048
vtn 18.0518 9.85582 -0.084389 0.205304 0.743823 0.9936 0.113 -0.0048
vtn 16.0647 9.62982 -0.074832 0.262579 0.140304 0.0574 -0.5401 -0.8396
vtn 15.8697 11.2977 -1.16112 0.447526 0.373928 0.0574 -0.5401 -0.8396
vtn 17.8569 11.5237 -1.17068 0.326415 0.558875 0.0574 -0.5401 -0.8396
vtn 15.9499 10.7101 1.60442 0.817421 0.841178 -0.0574 0.5401 0.8396
vtn 17.937 10.9361 1.59486 0.69631 1.02612 -0.0574 0.5401 0.8396
vtn 17.7421 12.604 0.508567 0.511362 0.7925 -0.0574 0.5401 0.8396
