vtn 2.91888 1 -176.884 0.875 0.5 0 1 0
vtn -2.80636 1 -185.088 0.625 0.75 0 1 0
vtn -2.80636 1 -176.884 0.625 0.5 0 1 0
vtn -2.80636 1 -185.088 0.625 0.75 0 0 -1
vtn 2.91888 -1 -185.088 0.375 1 0 0 -1
vtn -2.80636 -1 -185.088 0.375 0.75 0 0 -1
vtn 2.91888 1 -185.088 0.625 0 1 0 0
vtn 2.91888 -1 -176.884 0.375 0.25 1 0 0
vtn 2.91888 -1 -185.088 0.375 0 1 0 0
vtn -2.80636 -1 -176.884 0.375 0.5 0 -1 0
vtn 2.91888 -1 -185.088 0.125 0.75 0 -1 0
vtn 2.91888 -1 -176.884 0.125 0.5 0 -1 0
vtn -2.80636 1 -176.884 0.625 0.5 -1 0 0
vtn -2.80636 -1 -185.088 0.375 0.75 -1 0 0
vtn -2.80636 -1 -176.884 0.375 0.5 -1 0 0
vtn 2.91888 1 -176.884 0.625 0.25 0 0 1
vtn -2.80636 -1 -176.884 0.375 0.5 0 0 1
vtn 2.91888 -1 -176.884 0.375 0.25 0 0 1
vtn 2.91888 1 -176.884 0.875 0.5 0 1 0
vtn 2.91888 1 -185.088 0.875 0.75 0 1 0
vtn -2.80636 1 -185.088 0.625 0.75 0 1 0
vtn -2.80636 1 -185.088 0.625 0.75 0 0 -1
vtn 2.91888 1 -185.088 0.625 1 0 0 -1
vtn 2.91888 -1 -185.088 0.375 1 0 0 -1
vtn 2.91888 1 -185.088 0.625 0 1 0 0
vtn 2.91888 1 -176.884 0.625 0.25 1 0 0
vtn 2.91888 -1 -176.884 0.375 0.25 1 0 0
vtn -2.80636 -1 -176.884 0.375 0.5 0 -1 0
vtn -2.80636 -1 -185.088 0.375 0.75 0 -1 0
vtn 2.91888 -1 -185.088 0.125 0.75 0 -1 0
vtn -2.80636 1 -176.884 0.625 0.5 -1 0 0
vtn -2.80636 1 -185.088 0.625 0.75 -1 0 0
vtn -2.80636 -1 -185.088 0.375 0.75 -1 0 0
vtn 2.91888 1 -176.884 0.625 0.25 0 0 1
vtn -2.80636 1 -176.884 0.625 0.5 0 0 1
vtn -2.80636 -1 -176.884 0.375 0.5 0 0 1
