vtn 0.029317 0.028103 1.13396 0.5 0 -0 1 -0
vtn 0.595888 0.028103 0.527973 1 0.21526 -0 1 -0
vtn 0.029317 0.028103 -0.259138 0.5 0.494861 -0 1 -0
vtn 0.029317 0.028103 -0.259138 0.5 0.494861 -0 1 -0
vtn 0.595888 0.028103 0.527973 1 0.21526 -0 1 -0
vtn 0.029317 0.028103 -1.68117 0.5 1 -0 1 -0
vtn -0.034521 0.023028 1.12167 0.5 0 -0 1 -0
vtn -0.601092 0.023028 0.485368 0 0.226029 -0.0044 1 -0.0034
vtn -0.601092 0.023028 1.12167 0 0 -0 1 -0
vtn -0.601092 0.023028 0.485368 0 0.226029 -0.0044 1 -0.0034
vtn -0.034521 0.023028 -0.271429 0.5 0.494861 -0.0015 1 -0.0011
vtn -0.030873 0.01566 -1.69346 0.5 1 -0.0069 1 -0.0052
vtn 0.030636 0.028661 1.1136 0.5 0 -0.9864 0.1646 0.0007
vtn -0.008436 -0.194463 -1.64458 0.25 1 -0.9864 0.1646 0.0007
vtn 0.000709 -0.150732 1.13928 0.25 0 -0.9864 0.1646 0.0007
vtn -0.035132 0.023516 1.1136 0 0 0.9938 0.1116 0.0008
vtn -0.008436 -0.194463 -1.64458 0.25 1 0.9938 0.1116 0.0008
vtn -0.032057 0.016072 -1.67104 0 1 0.9938 0.1116 0.0008
vtn 0.029317 0.028103 1.13396 0.5 0 -0 1 -0
vtn 0.595888 0.028103 1.13396 1 0 -0 1 -0
vtn 0.595888 0.028103 0.527973 1 0.21526 -0 1 -0
vtn -0.034521 0.023028 1.12167 0.5 0 -0 1 -0
vtn -0.034521 0.023028 -0.271429 0.5 0.494861 -0.0015 1 -0.0011
vtn -0.601092 0.023028 0.485368 0 0.226029 -0.0044 1 -0.0034
vtn 0.030636 0.028661 1.1136 0.5 0 -0.985 0.1725 -0
vtn 0.030636 0.028661 -1.67025 0.5 1 -0.985 0.1725 -0
vtn -0.008436 -0.194463 -1.64458 0.25 1 -0.985 0.1725 -0
vtn -0.035132 0.023516 1.1136 0 0 0.9797 0.2006 -0.0064
vtn 0.000709 -0.150732 1.13928 0.25 0 0.9797 0.2006 -0.0064
vtn -0.008436 -0.194463 -1.64458 0.25 1 0.9797 0.2006 -0.0064
